2176	2781	2707	9843	4719	1097	2456	5447	9628	4764	1218	4697	2113	3609	797	5326	3829	4096	903	1699	7462	4490	4957	8335	4630	5300	9899	5963	4472	5453	5207	5559	5300	7277	7058	5841	5842	5184	5023	4677	8307	4643	5224	6302	5428	8979	5880	5641	5213	5084	5653	6123	5673	8612	6158	5830	4903	5211	7237	6834	5278	8402	6560	6321	5635	6405	5390	6857	5199	5877	6124	5826	6609	6853	7364	6553	7903	8578	9208	6070	7451	3086	9164	6005	8894	8354	9151	7722	7098	7627	9258	8896	8356	8978	8419	9205	7512	8825	5460	8082
3752	9574	9938	9825	5164	1239	3013	5868	3382	4719	645	4762	130	9815	714	409	9713	3138	872	9806	7217	4457	4784	7905	4554	5947	6827	5865	4461	5232	7637	4995	5407	3933	8862	5866	5867	4997	5500	5074	4773	7391	8105	5144	468	5560	9669	3948	5750	5138	5012	6192	8480	2640	6167	6004	5978	5284	7024	6316	4472	8564	7269	6413	5440	5504	5669	8162	1478	3049	6430	5885	933	2771	5541	7616	7367	8275	9792	8069	7188	6408	51	6778	2467	8725	5743	5690	6901	7118	9417	9993	7797	1088	8099	1185	5332	9081	5439	8782
882	2492	2698	9574	1671	4943	1682	3109	7828	5609	693	8566	506	9574	69	3818	9595	1292	1791	9576	7027	9102	5408	7123	4623	6422	4492	6161	8189	5195	8549	4962	4956	9055	6346	6707	6708	8144	5177	7002	4867	4564	7135	4978	5930	6085	8997	6707	5772	4742	6627	6343	2385	5997	4798	5499	4730	5637	7700	6612	4490	6354	6911	5989	6937	6022	7346	7881	9893	6214	5912	5155	9769	4240	9547	1234	2805	5332	4623	5967	7742	4951	390	8480	9464	6144	6750	8011	8899	6079	6491	3937	956	5433	7678	9682	7939	6142	5810	4767
4009	1322	9972	9582	1538	3227	8581	5671	1098	9013	804	4726	128	1564	1019	9747	8547	9629	1638	107	5557	4915	5525	7849	652	3011	4683	5969	6827	6162	1649	5330	4783	8150	5715	5376	4272	7936	6187	9841	5214	440	4390	6416	7249	4996	8218	2890	5437	168	8060	6703	2256	1321	6709	5115	4484	7374	9958	6648	4457	8906	6202	7094	9058	6712	7758	8279	5073	3368	6804	7157	4315	3239	2085	6297	1236	9153	9464	8486	7587	5088	90	5051	5121	7927	6843	6587	7065	6245	4855	763	908	7218	7486	7271	266	5072	6882	9163
2837	3136	6995	4097	5897	804	2774	4597	4391	1538	496	6489	9692	9663	1881	1892	2578	9805	2393	144	6757	8047	5718	7817	5302	268	5406	8926	5541	6406	1020	4870	6030	8530	5902	1884	8534	2841	5341	7218	5163	560	1464	6933	322	4460	8259	3292	976	4743	5110	2591	6455	92	6983	5999	4678	9922	7287	7171	6930	1890	6268	6440	7082	798	5242	6638	603	7058	7486	6342	3953	3802	8190	2726	3108	2092	8894	7489	6345	1548	64	7943	5879	7584	5474	8734	9224	5507	103	9240	580	7463	8608	2265	2126	6234	5773	9942
190	1038	6801	9576	4764	2607	3530	7586	8518	688	6946	1359	1362	924	906	2483	319	133	891	2176	7419	9600	4679	4724	9208	8663	4461	5407	7039	5216	4777	4318	8663	687	3049	3364	4314	6178	1320	9721	3206	859	6867	5219	8615	1277	9000	1757	5228	113	3846	2611	7145	5120	6676	7228	7641	9778	8348	6376	4461	9938	6898	5863	5545	9224	7159	6018	9845	9719	7765	9945	5246	7744	9546	8996	2104	3290	1562	7080	9250	3766	273	1478	3403	7019	5690	6140	8103	7265	4678	9085	4832	7344	8492	3055	4867	7467	6906	9993
3615	9564	8906	9581	4559	4060	924	2804	3912	7885	281	4640	9581	1531	2771	5775	1517	107	1421	4007	9067	8720	4739	4476	4915	3006	8502	5736	5477	6428	5938	431	6508	1193	1965	4271	5377	3271	3565	4692	8409	9344	3911	5176	5358	8712	7851	3009	6578	5596	7994	7418	1002	221	7177	7226	1524	448	7653	6692	9547	2481	6371	5167	6905	4579	7338	5743	7217	5902	6163	7081	3593	1881	9561	5496	3680	2010	4736	5952	7855	6131	5571	8047	1562	5887	6587	7296	6326	2497	5526	6453	1567	7167	6804	1130	3206	6926	5924	9240
816	925	5232	272	358	4443	2732	9394	5002	7642	4060	1526	120	9860	4151	5091	1986	1370	307	122	7931	5047	105	8145	9792	153	4630	5179	7805	6487	5380	581	153	9200	4941	8535	1254	6465	2519	4107	7024	4771	2460	5029	5148	2640	5857	5866	512	4827	8339	9841	8906	4711	6458	5987	5431	2650	3804	6798	8720	3816	7675	7167	7004	7600	3264	9033	7462	5715	5196	5634	5296	2453	8189	4881	1390	8004	4888	7280	7254	4218	1133	6382	9208	6254	7325	7707	6369	6831	204	7924	4684	6785	7411	349	2728	8102	6745	2894
1045	3998	6162	9575	5775	4246	9701	2735	73	1671	8027	9095	2128	9602	7744	3325	470	1151	142	3137	4760	4671	5085	5208	1010	5407	1965	4839	4492	6125	116	5013	6338	8293	8468	1605	2755	7707	5522	2891	1420	9169	9920	5587	7891	6754	1389	1884	7648	6827	4995	7932	6478	5642	6283	8603	8215	8809	8551	6720	9524	2621	6248	5327	7960	5658	7082	7536	8051	4511	5454	9057	7601	1875	9617	9796	8166	2949	7117	6646	4649	5102	8783	5288	6109	4232	9037	5415	8201	9079	4645	8197	1059	6137	9267	2318	2949	5134	7419	9338
1884	2183	5199	4096	4622	3112	1916	6639	8441	7123	4370	4739	483	5623	3239	2	262	1323	116	411	9311	9473	5652	5758	705	8912	7263	4783	5879	6805	434	1483	8779	2201	6800	2139	2607	3809	220	6883	2221	6614	416	6801	6212	5713	9160	4373	1579	6400	8557	9997	4357	6679	6678	6252	9096	1626	33	8674	5879	4914	7963	5310	9314	8201	5464	4649	4225	3541	5487	9797	4874	3487	9527	8883	9037	9190	8230	7076	1665	5436	775	8890	9530	6425	8162	9151	5901	5764	5002	6269	2956	1661	4053	925	8307	8471	6047	9846
224	1533	5787	107	5609	535	3687	4578	3600	4715	2960	1547	1834	3136	4831	233	3001	421	2222	4096	6076	4560	4552	4672	5832	8500	4827	6523	9609	6028	5652	2657	7720	2304	4651	4279	3954	7213	3563	4734	4388	9957	5570	927	9378	7876	9043	5309	5696	5165	581	8111	536	7909	5551	5059	4604	822	1864	6820	8894	7996	5172	9748	7346	5400	1765	9151	5232	1681	6407	9858	5938	4232	7806	6736	8350	6784	5234	6019	9367	5179	277	4672	5730	6787	8813	8387	6712	5562	5259	9942	1913	3503	8062	8153	902	3340	6289	2891
3013	145	7483	484	6318	4445	1036	1235	8270	7849	1614	5525	3624	2492	8986	5849	3935	3645	528	126	3504	4672	4647	5293	8589	157	5302	904	5406	6431	5945	4669	7023	669	5716	5309	3614	3004	241	9155	890	8740	58	8391	448	8338	7109	5841	8504	5759	5559	6503	5288	8539	7824	6591	2070	9372	971	7178	7308	9244	5811	7997	6144	5126	4857	1930	6882	562	5172	6191	4546	3250	9524	5664	339	5756	4657	7506	9670	366	457	603	6604	8178	7707	7714	6638	7530	4725	8641	2243	4047	3555	9199	971	373	5488	7857
292	1150	6406	147	3492	2312	4248	2502	549	1586	249	1449	3135	1682	2826	1600	421	1295	2768	1151	9840	4712	4853	165	8216	2808	4829	2057	456	6048	9416	4766	5579	2867	4511	5641	2515	6358	4113	9868	9796	7848	5204	765	8220	4963	5766	3179	1442	5357	1569	9868	1089	6089	5400	9710	4710	1896	4867	6646	5206	5381	6738	9800	6192	2337	6939	8448	8074	8146	6380	7262	159	1850	9333	7024	1429	1721	4797	6003	4296	265	1507	5056	1098	6105	6374	5474	5347	5290	117	6870	2802	7002	5647	7121	728	8504	6381	2428
1272	4097	6428	3752	6496	2945	4094	2448	4304	4624	2329	1660	4057	2781	1838	6107	1287	8642	1252	9582	6882	5206	4483	5288	5209	4470	4495	4215	5138	7766	8763	8557	5706	1341	1466	2542	9212	1283	3672	7463	4812	9976	3033	2070	6420	1766	5346	5376	6250	31	8861	5827	3212	633	7596	9784	7308	1788	2854	6160	9617	1821	5487	9876	8268	8993	7592	2495	9875	5380	5647	5482	2462	3384	5406	8348	1110	1075	7783	7178	7061	1377	5248	536	5057	4674	5415	5812	8123	5479	5862	1118	3763	6264	8054	2164	195	714	5711	2247
5307	9814	5475	9518	5353	1403	9885	2205	707	5404	3391	1525	170	1322	722	9891	1099	8478	1398	2456	4108	7134	206	7548	8794	584	4590	4956	5997	5810	5620	8339	4573	3890	9719	2989	4356	8278	5643	4575	4614	8306	7637	6455	9752	1321	8606	4444	4440	4477	4870	5464	5512	5713	4643	7507	4463	2964	5014	9888	5387	1196	5774	5092	8341	6678	6744	5752	9799	814	6327	4924	4388	6387	9530	8307	3837	1411	1902	5660	6326	1220	856	2385	2915	8025	8011	6749	7547	46	5319	3305	7144	5761	7192	9837	4614	8132	4825	3270
4938	9520	5073	124	4464	1707	2638	6711	1656	1046	9388	4647	9543	8127	6853	5736	4057	823	2275	484	9893	5879	5819	246	4905	6838	7805	7786	5730	5773	4552	2914	6951	638	1336	6093	4413	7062	7495	5745	4892	9454	9384	2916	5355	4706	8692	2953	9432	105	1300	7004	7548	5560	4895	8966	5720	3302	5731	7556	9527	2523	5235	9894	5941	1906	6753	8219	1946	5728	6911	6796	152	1040	5138	5153	2785	6994	4554	6111	6467	7255	180	1723	6216	6937	6140	5743	8860	3151	5431	591	2288	7420	8873	1597	5731	9314	7962	8896
1295	9576	5173	504	4839	1896	8000	8859	1562	4839	849	8851	288	9837	3631	6496	9581	219	1048	2113	4555	4776	5861	5831	5057	9305	5018	3086	9546	5488	3368	3150	584	1102	9899	3613	2038	8211	5716	3767	1422	6333	8662	766	4824	7909	5698	4242	5524	4821	2067	5072	653	5045	6460	7281	7839	9138	2597	5399	8699	9720	7006	5776	1875	376	6103	6799	2350	588	5235	7736	8499	6937	7327	6725	9250	4120	7839	5986	7670	1792	5219	551	5643	5645	7203	7803	8350	4066	5650	4282	1374	5925	5454	8546	7783	6960	8151	9892
492	3013	6360	125	7604	1626	1151	5900	1546	9185	3399	6491	1537	1363	1264	8988	8352	25	9164	9805	8074	4797	5260	1342	9102	7511	4586	5448	4703	5338	5877	8338	6484	1131	5170	1255	8774	1843	752	7420	480	6283	6747	3048	9685	7885	8488	1869	8187	5047	5331	3503	7858	5627	4814	5974	2916	9885	8110	559	9899	8645	7257	8342	7758	6410	5159	6792	6689	5596	6488	9297	8104	7927	4661	3827	3796	7529	5169	7956	6252	380	2809	7548	5567	4781	754	6651	6829	5516	4775	528	2317	4107	8605	8929	2987	9271	4608	855
9211	1467	5453	3886	4553	7132	1174	5751	3018	7182	2182	4777	106	9807	1145	731	8012	4063	164	2989	7416	4623	4586	9419	8913	4783	4511	8051	5084	5949	4647	8060	274	368	5877	4412	2116	8432	9184	4865	1399	8107	8465	5512	6336	6089	5900	4295	1741	8444	9324	8075	2166	5878	6819	5951	5086	2042	1420	6482	4576	5770	6355	296	8254	6052	2432	8668	6822	6346	7963	6702	7637	2048	5910	1380	9401	3994	9420	5562	2214	5710	54	5512	8222	7259	8621	7520	5699	5691	4604	7981	1056	5280	7592	9564	480	5941	5005	6234
3625	909	5216	146	5326	6767	2839	2974	765	4559	8366	4605	4097	9715	3020	394	3624	1458	475	3013	7723	8441	5555	4458	8664	1232	4797	4656	9547	5158	4729	1924	7455	7356	4496	2889	2039	2800	5062	682	1745	7957	5586	5903	264	1696	6774	3717	4281	4662	5330	7218	1723	4507	8306	9980	5046	3687	7502	6111	9600	7517	5912	8703	5464	816	8745	3540	9840	8190	5217	9959	4660	6144	5408	5481	1887	6878	5302	6970	923	2246	8458	1089	4899	7108	5685	7666	6896	6009	8215	8575	1570	5712	7765	3244	7186	6123	6632	8504
1254	3568	5195	9540	917	9690	3609	9249	1659	1823	2991	4483	1832	1323	1652	4570	288	1272	1889	9712	4676	4716	6490	688	6506	5529	7549	1639	5161	5199	289	1690	7630	9125	1818	3810	3271	2088	5170	5200	2431	6183	1717	1524	9652	5627	9452	3814	5016	54	8338	7207	1449	6085	5066	6069	7007	106	7267	5065	6827	8173	5337	5053	6103	4598	7820	7169	1821	3050	5811	5456	4543	1550	6216	3176	1565	4844	5651	6820	7314	904	3945	6564	7050	2978	8387	7073	5881	80	4740	7044	2546	6123	3191	4019	1380	9058	7206	2377
1292	3683	2256	806	3574	8666	2176	884	5378	5164	288	61	281	8389	4224	1419	7680	3609	356	2774	3770	5234	4603	6826	6423	56	8589	1671	4495	5646	4399	2323	2926	3789	5402	1757	1948	7073	6584	3503	2210	9833	2257	7642	4759	4491	6828	3904	7385	4560	431	7082	6005	9918	9887	5966	9457	9900	2221	6677	3188	9972	6124	9892	6926	5066	5827	8621	4108	1818	6429	7133	4537	7960	6265	9061	1935	3969	1601	6720	7718	5146	966	2256	7007	7960	7087	6568	8208	2035	4646	5672	9418	5167	8119	1322	1217	8111	6822	4677
1625	833	5992	106	9002	3699	9651	6207	7050	5303	1863	2268	2182	2795	9484	1662	3490	3997	500	9594	9799	2256	4605	167	9383	4076	5540	6838	4596	6745	4698	1569	8912	3068	4778	3291	3365	2395	6800	9894	3274	6819	79	813	8705	6679	8510	4271	2188	4673	3670	9960	4476	4806	6645	7306	4714	9914	7354	2336	1789	9498	6380	5433	6953	2295	2239	4598	5095	7549	6288	9121	9382	8725	4784	3845	1142	3313	5354	7283	9037	2431	160	7166	3467	6721	5203	5972	9001	7956	4853	9846	441	1654	3168	310	871	7654	7414	4734
3553	9536	5773	2308	5208	3460	3996	6079	8002	7804	4036	4680	9844	120	2591	1302	6981	996	2269	9693	9875	9706	4640	2256	5406	774	4554	873	4683	6360	2827	7642	4470	7273	3050	2042	1885	3314	5162	9800	962	9887	5175	8338	8521	749	8349	3543	8328	1357	4962	7463	57	4478	4564	6213	3467	3298	7681	6457	4492	9808	6430	7002	6721	1236	8454	6750	5256	4941	6907	7508	1466	1356	5730	5395	1552	7945	5209	7171	9248	920	3372	5673	6683	5985	3528	7325	1236	7539	5087	1891	1923	8225	2432	2525	7007	6721	7217	9045
1156	3530	5810	9937	4003	1532	3943	7118	4737	4476	2531	5978	1986	2289	1722	9511	2301	8848	1903	9212	4608	5320	5018	4933	554	4956	4716	5251	9617	5173	9413	3846	6962	1970	5403	3552	2179	8446	8169	9997	3641	8116	8137	4495	6569	92	1235	2529	3270	359	6302	5761	2912	4963	9976	5035	515	3249	6784	6982	2467	5339	5712	1477	5242	5517	7877	7214	6047	3438	5337	4986	4863	8902	7805	8131	8998	796	4646	6798	8472	5448	2652	9003	594	2155	7520	2841	6775	4954	4639	7673	2432	1652	5329	3450	4045	3819	7462	1262
146	2388	7414	482	9013	2329	8284	36	7297	358	7294	5087	9715	9723	1343	704	1044	9701	2614	1069	5990	724	8216	4624	205	8972	8189	704	7443	6289	5260	4839	4499	4183	7495	3247	2138	1941	3524	2386	3790	7266	1495	5627	8715	4471	6495	1846	1637	5321	3208	6690	4876	5729	6375	9957	5555	2727	5214	6296	9530	2707	8266	4358	8454	6241	9202	8709	6299	8179	7738	5039	726	2563	4478	4576	9033	2135	4560	6998	5099	1769	1357	5624	9524	7449	6018	6374	6295	7703	5086	5398	7326	1477	6597	6972	4043	7503	4555	4402
107	9936	1780	9805	5758	8844	8642	7685	5083	4672	2312	4663	4301	909	9024	8948	1272	9568	2988	3530	6292	9383	118	4715	1343	1589	7291	8663	6216	6906	5296	2296	3011	3578	7843	964	3013	1738	6014	9854	1471	9472	1781	6527	5391	4711	6284	3769	7689	5131	4311	6960	1825	4898	6719	7702	4708	5569	6353	7283	7267	6362	8038	4107	5390	8103	4850	3528	2559	5511	5774	4195	110	8108	9609	5214	3528	2861	7777	6459	3540	873	1975	2912	549	9686	8279	8537	5670	9981	4739	2712	3972	5257	5295	1616	9457	759	5173	763
5231	8643	6048	9842	2873	4370	3249	7444	6826	5969	1694	4698	9519	1706	7002	6523	9572	4320	1717	9937	4689	5406	4561	7804	4560	5706	9560	5146	6265	5913	7309	5959	900	6012	4477	3814	1604	2516	236	9876	5063	7394	7126	7965	7393	4890	6671	2319	404	5205	6377	6785	8175	4996	8740	6291	7117	1981	4388	6710	5108	4681	7765	7818	6939	6473	3168	6022	3236	709	6746	7003	8971	7706	4694	9464	9203	5957	4776	98	2449	2220	499	4108	8718	3508	5926	2214	5446	9929	4605	9516	1584	6293	5468	487	3105	6365	8195	3689
1995	3408	5882	2183	3462	2115	3856	7231	1525	5758	6549	118	9914	4097	9163	3660	286	4301	1118	1468	6822	5165	4729	2982	74	245	59	5609	4576	6381	206	5717	4839	1243	1257	3230	9999	7895	5956	6756	4992	8241	9103	431	9643	5878	6964	2019	6134	7589	657	7724	963	6455	2337	5765	5976	1841	1008	7634	5047	6135	6363	2670	6365	6638	6192	2616	6439	8898	5438	5557	1231	6217	1525	8831	8813	621	8718	7703	885	2948	2662	1002	8540	1730	3098	8279	8675	2021	6489	1638	3830	6883	6430	5590	3972	6503	5760	4440
9541	3676	6906	9211	4724	3180	3954	1034	5137	4547	1445	5976	1707	8730	2751	2220	3042	2908	119	1963	3516	5025	8721	5731	9039	4567	5132	9529	9558	2131	553	8392	1232	3043	3368	3529	8582	568	7039	9910	2520	6458	1289	2657	3308	2466	8227	2029	4664	8589	7591	8196	1011	6523	7284	8437	1545	2839	2726	8069	5051	7017	6163	864	5528	8899	8242	8208	1002	4583	6046	8130	3962	1213	9522	5948	2684	905	5406	6313	1035	4818	5042	4357	2194	3340	7296	7977	8998	9785	4925	7866	1642	4690	7820	1845	5909	3270	6328	1118
3543	2078	6487	127	73	660	8517	6017	3961	6237	2859	4705	3248	9936	944	5740	1598	172	384	1987	4225	4743	4742	6128	1601	1587	4472	731	4496	6328	8566	689	8976	1987	1329	1602	2182	795	7966	9466	383	6686	1994	2912	6948	6013	9226	1255	8040	8146	6062	4761	9720	7027	8014	8085	6489	978	958	7489	9561	7689	7000	5362	6343	8371	6803	5192	9853	332	5950	5942	166	6545	4702	6118	6472	5014	7947	6376	2805	901	3704	9385	5051	2853	7881	6178	7852	7823	4741	384	1314	8200	1765	998	1555	8527	4911	6661
9758	3138	3212	145	4672	3652	1468	559	1067	3574	4250	5819	3211	1805	552	3150	1086	484	267	3391	5256	5387	4777	1744	5567	8779	4591	8174	9706	7221	4483	5404	9883	7349	5728	3012	2772	3229	1622	9809	3778	6667	320	374	8191	3402	5490	402	3875	5910	3031	6950	7052	1277	560	7560	104	133	3451	6207	5910	1276	7415	6915	8902	4564	5635	1680	3504	2654	6029	1277	1835	279	4714	7354	6767	9429	9473	7539	7407	8884	3034	5293	8949	2518	7722	8586	1390	2921	66	6706	2724	1820	8597	3605	8551	2247	5531	4692
9806	97	6745	3211	4887	771	2107	6831	8381	4629	371	8215	9554	2388	1410	0	1294	9922	5285	3138	5045	9397	4709	4473	4457	5006	5737	8172	9524	7487	4679	1224	4886	309	2557	1788	6450	3967	8071	6440	7007	9193	1180	2326	94	5859	7556	1049	6634	4625	3484	4107	8173	8382	5765	9857	5259	4974	9464	6998	5406	6564	5454	6497	8738	9454	5440	8693	6116	1466	7415	8744	5145	2610	6827	5273	6326	7287	2534	6160	8693	3431	1231	5731	4915	7503	9033	5814	9295	8117	6490	7578	7514	5754	5921	2617	4150	8902	8224	414
1064	1543	5171	4095	3000	1068	3854	4648	9728	3000	3227	4925	2351	1616	1994	5055	684	9651	8648	3043	9996	4876	5321	158	9143	9414	4548	5303	5858	7414	7948	4906	9054	7952	6520	4199	6934	8816	7593	9890	6999	6167	4668	1621	2964	4856	7691	2191	3140	9561	4273	6883	2210	4793	7339	6637	5554	7395	3277	4799	456	7166	5647	4368	6351	9887	5785	7855	7155	333	8038	7501	618	6905	7573	9821	4180	4675	57	8965	9802	5886	8183	2350	6783	623	7803	7735	8542	6313	9257	3194	432	5863	6124	983	234	854	6292	2473
9701	2755	9720	4094	6108	9608	1323	6146	4741	9707	8378	9769	2649	1036	3617	5168	2649	9211	163	270	5760	4738	4569	4736	9464	3164	4650	56	4661	7677	5085	7309	5033	1328	5380	2456	1758	5814	7236	5925	5411	7538	4315	5858	9956	3167	7902	3934	2338	4508	4871	3722	8695	5736	6797	2747	4592	9897	4545	7823	3483	7725	6407	4690	8697	4177	7004	5825	5439	6520	7675	6617	1329	8354	59	3790	9421	9172	4630	6612	6965	2517	2085	8977	8914	6550	716	8525	8719	7340	4679	5135	1681	8152	6407	9289	7024	2591	5045	9987
4064	3210	1179	270	6402	2791	3623	6970	352	5353	3412	205	2415	3013	6643	5864	3515	2175	1456	1916	5460	9791	4854	2429	5026	4886	4625	5911	4942	5435	4651	1813	4656	6992	8898	3975	1941	1597	2331	4761	5373	7704	4905	3467	9873	9707	7102	3849	2473	8839	2865	3771	6679	4577	4919	5517	1658	1458	796	9977	2658	1960	7738	5074	8242	4895	9042	9137	2895	4827	6631	8049	3461	6192	7844	1153	4192	2399	8664	7823	2277	5417	7663	2166	4794	6621	6472	8144	8165	7283	4584	8733	6270	5675	9202	1991	2210	6144	5435	2142
2456	2111	1288	9714	688	9072	8886	8708	7572	4596	5926	8973	9595	1151	2257	5311	2909	149	4552	9843	5073	5730	4726	9804	7839	164	4743	5849	4511	7694	8851	926	111	3152	2654	2953	4241	6568	5805	1289	3816	6281	5938	561	6157	9918	6512	8316	4627	4548	3522	3607	809	7443	5517	8925	9530	3928	9562	4894	4802	1273	5925	9910	2799	6971	8109	9295	4676	5769	4850	5527	5529	5160	4582	6090	2567	1923	8002	3019	7684	1046	1588	3770	1956	2343	7714	8962	8166	6970	5978	2482	447	5310	5196	1150	6603	4813	7737	1269
2763	2908	6846	2113	4476	4296	8773	5562	7905	927	6529	5132	9713	2003	9045	8263	9606	1981	9416	2625	7262	5731	5087	7943	6517	9555	1359	6131	4313	5992	7058	7125	2190	9592	6235	922	3391	9283	6895	5761	5036	99	652	1588	5764	8539	3448	3613	1371	4457	8140	4161	603	4510	8107	6667	4590	8213	311	6166	8047	1251	5434	414	7159	9248	7932	7693	5279	1406	9809	6739	5980	5451	550	343	583	902	5567	6685	2684	889	2135	1105	4508	868	6829	7936	7684	6982	4737	5908	4844	931	6429	4068	8762	8818	5338	4086
3237	3567	8827	3210	1674	9048	3548	44	514	3674	185	8216	2300	3138	1611	413	1565	3946	4365	4058	5439	5733	4925	5073	1562	1690	5108	6330	5510	6910	9257	5653	268	2398	8502	3713	3974	4068	6932	4224	958	6519	2917	7574	6675	9921	6900	3315	7853	5302	4133	8395	60	6302	7170	9749	2194	144	6090	9834	9919	4167	6804	9762	6853	476	8054	5926	9808	5402	3191	4602	1213	4972	2071	2255	8830	7555	6683	5222	41	2098	3231	9950	5855	8902	7742	780	5869	9490	5720	1592	4811	7156	6732	3441	1721	2473	9889	69
1317	1116	3816	2908	4715	3506	3543	9929	4484	2220	1403	4509	3982	403	513	70	2371	1188	9516	2245	6342	4646	8650	5326	3929	2594	78	8694	4716	3554	4496	4347	6922	5739	649	2845	8887	9682	956	1180	5272	7983	4193	3673	5552	4682	7242	2456	7046	9527	2098	1875	1224	60	1906	6614	5406	8581	8985	4815	7134	6557	6288	1088	1527	4919	6343	3098	9067	7906	5237	8737	777	2387	7572	4867	9001	2986	2071	7634	9033	473	9251	971	5169	7137	9027	1384	7612	8084	4680	9220	1482	3106	5361	299	1420	1007	5949	5072
3530	9807	1153	1801	4835	288	694	9032	8222	4667	4377	8549	371	3530	9588	889	9573	3013	7981	3998	6439	6930	5132	5775	604	4839	8664	4003	8391	6995	3823	9013	4712	1333	6236	990	4220	7536	8862	5712	3334	6460	4765	5161	5498	5325	2410	2240	3747	9609	7049	9946	5246	7876	5093	5584	6517	2068	1900	858	8762	8942	6327	9874	1765	1776	6703	1438	6949	4805	7257	7027	4638	5494	7048	2486	8709	1976	2467	6982	4180	3507	3860	3236	8381	7441	4262	8490	9670	36	4776	5122	6032	3748	5950	3750	1061	6343	6487	8575
641	800	57	9692	9419	2753	2435	858	5540	889	2945	9707	2308	1150	279	8199	2742	197	1440	2306	6617	5302	4829	4547	9103	828	5596	9215	9521	8195	86	3402	6903	841	2979	7825	8700	2515	7443	6823	3451	8483	7679	2790	6457	4871	2804	412	1338	8721	8392	4843	3770	4706	6688	7175	62	804	7772	3109	1190	8175	7486	1891	8776	5508	2048	6538	5924	7842	5532	5071	2031	6561	5879	6331	1175	852	5293	7701	6472	3760	5529	3504	5379	7654	7116	3314	8489	5656	1524	3207	767	6950	8598	3115	3451	944	6028	528
1710	462	9482	4269	704	1445	3298	6332	783	704	3065	1844	4095	9552	6234	73	3412	3627	9951	8389	7077	4704	31	8518	5272	4559	5748	5300	9561	4825	4861	6377	5681	3363	2998	2890	8656	4272	5064	2713	7980	6676	4338	1022	5763	4849	6296	2311	7199	4716	7154	7002	9473	6754	606	6196	4641	9822	7939	6282	9304	8996	5004	7518	7762	6458	1527	9395	5992	545	7207	4606	3010	3264	5084	7413	8219	2834	5976	2336	5392	4389	8005	9720	4770	6905	8463	8278	9454	8006	32	289	3087	7997	6488	3944	256	2919	6910	6142
8887	9824	6047	3249	9307	7837	683	7366	5642	9529	8212	4462	3042	544	2501	4760	4296	3687	245	609	7736	4554	6491	6341	5165	8973	5321	1600	4793	7001	180	6455	9194	9124	3541	1577	8289	5743	5533	7028	1276	8164	810	3821	5516	1208	3901	3882	9767	9560	213	5528	5997	5161	440	2922	745	4171	8793	1905	5121	12	5196	9466	8788	45	6953	9250	5882	649	8196	853	1128	7716	1659	2548	6369	5247	5131	8305	8448	5694	868	7134	4736	6758	7735	7213	8511	8869	4603	4334	4053	5991	6163	2797	8348	3844	4849	8475
4263	9842	7221	3998	1055	4222	2038	3693	4479	1055	3336	4603	9826	108	2541	6225	1873	3530	8549	1323	9867	4708	5131	7885	474	5033	57	409	9899	4849	4603	6237	5006	8653	21	3008	811	2617	6424	4819	2726	7067	1170	7049	5891	5515	7064	4044	9555	5057	3708	5745	9853	6215	6183	7394	4855	9606	4614	8305	7398	5215	5263	3876	8745	7177	8254	7179	8333	4673	8126	4780	4662	1779	4957	4802	4443	4545	8913	9929	7896	3274	1791	9046	2940	3264	8490	8601	8709	6459	5554	4842	2076	4224	8660	2907	890	3631	7027	2919
1756	280	1821	9553	7885	4051	1623	7897	8335	4507	2590	5430	9733	5569	5550	2033	4449	348	424	3012	6702	5259	6335	4629	166	6368	9546	6108	765	4958	4477	4153	7511	9375	557	3315	1988	3098	9012	2196	6641	4579	8852	203	5497	6150	3839	3181	5832	5730	4318	7960	9950	8391	4579	7339	4479	3769	4043	7080	1952	6433	6046	5761	6703	9988	6726	8844	6292	5207	5004	1355	809	2978	7398	7287	1520	4231	4915	559	1552	2133	6610	1011	1225	3384	4943	6913	7792	98	4854	4819	472	1274	8019	2025	3369	5528	7613	1950
598	9715	4004	123	1600	609	1038	6160	433	4724	2607	6683	2782	9759	6334	20	2850	1962	157	9525	6689	6423	8794	551	6656	5112	1449	3011	4671	5360	6401	7422	4792	2938	5858	4837	3854	5415	6236	4609	3661	6158	1638	2316	5695	6302	3436	8730	5860	4660	8034	7758	7164	4547	6110	5536	2084	4322	4045	4578	871	7040	6488	3106	6740	4814	5329	4180	7206	575	9854	7416	6502	6742	7181	1399	3437	3431	2917	2168	7560	927	207	4724	359	1550	8853	6750	7110	7178	5651	1440	2239	6226	3924	1490	1745	9748	6689	235
370	3229	5360	2307	417	9176	2702	7845	9791	4737	869	4853	2108	1038	1398	8214	1293	1916	354	9629	5168	6478	5728	704	4657	8661	5525	8912	8190	4911	4688	5407	8500	3998	8190	4444	3815	6469	3569	1781	2931	7177	9863	1586	150	221	1847	2618	1197	3010	8252	5440	1144	1825	6611	7389	6683	8773	3290	6711	5730	8695	5640	7041	7120	3902	8196	6140	6846	1649	5434	5794	7183	4071	4820	2554	9670	4614	7980	1346	4341	3927	2830	7093	7457	9081	7666	7536	7896	6157	5017	8414	3824	7078	5044	9759	2092	3791	4689	3254
2776	1993	2481	9541	5585	2880	3136	98	8736	9695	1606	4503	2114	1149	8108	4209	2972	2456	5186	121	8224	4736	4585	8188	7007	9975	6335	1915	4625	6047	9018	8861	9414	5994	880	2625	2627	8537	4918	7932	7417	7633	1365	5713	4369	9023	9228	3810	2141	4794	2556	6823	4951	7145	6686	3224	4645	1694	2255	9000	9622	8831	6907	8598	7479	2373	7222	5690	5216	550	7000	4558	607	797	4877	1422	9083	8526	8761	7066	9995	306	7455	456	5406	2610	8278	8621	6635	6710	4699	3764	8091	5053	7582	2197	8230	4417	7694	3899
121	349	5439	8799	9918	1205	3138	7627	6922	73	1239	1524	2271	4094	1875	1483	176	3042	1379	2590	3721	5510	9214	9797	2983	4656	4666	7422	9600	9266	872	2441	50	1607	5511	8581	4306	5080	6415	5233	6736	6997	4977	4793	8013	917	8674	7917	6492	5905	2215	9913	7517	4911	5268	7552	5018	815	3827	7546	5138	7071	5532	1303	8471	4643	9997	5445	7166	7859	6560	7147	3632	5635	4495	1860	9917	4045	1098	6457	5699	74	153	9853	784	714	9367	4997	4579	5490	4484	9108	2178	4910	2048	9536	2726	3020	9840	1746
4058	544	1890	3543	7642	4413	9629	1886	9611	4266	2765	161	806	617	9798	5831	4269	9542	9085	8021	5311	4678	5719	4596	5733	4594	9208	5862	4650	9808	4538	2072	2142	9988	3338	2906	3241	9346	9114	4690	8469	6522	2359	6679	6710	8541	8869	2087	1081	247	5820	3517	2916	6478	6978	8870	4854	9692	4713	5900	415	8883	5438	6812	9042	49	2610	6829	5711	4743	5233	6752	5302	2480	4480	6916	2736	2987	4705	6282	2104	183	2550	4367	1278	8825	6204	8813	8219	5930	119	8976	8248	5096	4274	6704	8170	4440	7674	647
7245	9714	1960	9066	4631	3241	9542	2021	5720	4553	1167	9355	171	3197	9187	4473	9568	4049	9257	2589	1089	4728	6214	7182	104	3986	5402	4715	4478	3190	1547	7372	5002	6807	2802	2756	9781	4426	7641	6984	2481	6213	5162	5709	7341	9601	3114	3331	5127	5861	8053	6103	9465	9067	9285	7704	4925	4057	2210	2372	8713	9853	6631	3503	7870	7934	2799	2104	6757	4328	2132	9313	963	7584	105	8949	3242	4602	5056	6207	8709	3938	8226	1144	7117	7240	2214	5606	6315	6219	5430	5593	2779	6915	5459	1237	9003	9892	5990	5134
1895	1706	2714	2112	4451	3286	287	6091	8176	158	4001	7263	815	2109	6264	9186	2392	1699	4561	3625	8676	4650	4663	358	585	7949	3050	4629	8502	8125	1903	5512	429	9605	6214	3534	4007	7325	5111	6409	7014	6719	5643	85	329	9623	7324	9738	918	9383	2459	9859	3816	1208	8371	6519	4569	3699	3755	6459	6456	2698	3191	2482	5159	1091	1850	6843	8195	9546	5468	5760	6106	3348	4577	9041	8675	23	2194	9888	8350	3707	9085	6076	1251	6545	1140	9367	3437	5358	5719	1252	1872	6497	8811	3903	1206	7870	6737	1661
124	2879	5614	9824	2914	4044	3713	338	5055	3402	1295	4561	2477	1127	4402	9170	96	2774	944	2494	7343	4625	5976	9791	7117	6237	8650	3139	9560	7206	5018	5405	5529	1963	3146	6650	2312	3942	9530	6075	5673	5392	7781	1692	6219	2914	2103	3422	1007	550	4310	9483	4874	3402	4745	7957	4680	9541	2092	5671	373	2608	7252	7218	7338	6983	7960	7735	1089	7805	5329	6959	7664	759	2917	958	2449	7018	9256	80	9303	9170	4351	8854	7593	854	5814	3242	9248	5839	5186	9164	2221	3771	8454	3942	3290	4843	9909	8102
8731	1151	2131	3525	8397	3837	421	3308	4776	2914	3656	8661	2388	1467	5103	4553	3297	3829	58	8478	9909	5278	7421	9144	2058	4737	6520	4577	7804	5439	5525	9596	4594	2261	2658	3261	2624	5690	8801	7997	1890	7170	4655	8897	5269	5045	2784	3230	8561	8499	6679	7484	1478	4779	8116	6645	5526	8829	1567	4563	3956	5673	5217	986	5827	8123	6811	5881	7943	3432	6049	2389	562	4847	162	1251	8448	1555	4914	6166	47	3205	647	6275	1902	7946	7163	3098	9250	6675	4589	3817	8419	9800	6996	8042	4929	424	9808	5252
696	2382	4225	2320	1586	7913	1918	8349	7399	7573	7961	8589	2909	6514	6387	9893	9758	1468	4260	9825	9853	6679	4698	1144	4663	6030	5549	4951	5642	4054	4561	4267	5112	3350	1482	7074	2844	2214	580	5004	4713	9980	1900	2323	2187	6455	7933	1714	4843	6502	7145	9058	1288	5963	7394	6961	5132	3624	4749	4920	4476	5342	6746	9841	8108	8208	8075	9159	6122	4957	5459	7447	4560	4880	5858	2790	2373	4637	3661	5764	6829	9992	901	60	3018	6561	7855	5184	9272	2804	8216	2930	5955	4474	6029	3004	20	1644	6846	8976
4320	154	6028	9936	4624	1241	2890	6687	730	5964	2648	2071	2493	4178	1278	3038	3971	156	365	823	6752	9618	6489	4883	4797	6484	5861	9419	5183	8140	4854	8466	774	3130	1925	2957	9597	4220	5403	4556	594	7284	3675	5171	7340	7123	9801	5312	6520	1466	5515	8660	8391	4849	6997	946	7050	9015	175	5516	8958	2874	7875	5004	2239	7799	4186	6472	4911	31	5044	3430	1215	3631	6020	2049	9367	2156	7939	4089	6857	930	9365	8230	2058	6661	5255	6467	6965	4089	4697	207	186	7932	5532	670	1902	6192	7005	1889
4527	9723	7206	492	6826	3614	3248	48	4738	6318	3365	5085	484	3681	9739	4622	539	924	589	9542	6523	456	205	5091	4586	7023	6265	9791	6502	5882	3164	1825	5297	3683	5207	2293	3530	8525	4221	6503	1270	1035	3358	1135	9928	3554	9977	9563	7706	6230	7819	6915	7725	2466	376	8116	6490	1856	3206	4642	9433	7787	7207	2334	6960	6110	9946	8863	8199	3690	5745	1876	1417	3340	4779	1836	7557	6058	6517	6521	2571	955	4193	9473	8518	1040	7977	644	4598	6646	4590	2725	8492	5127	6327	3746	2014	5440	4606	8414
4050	504	9808	9781	8630	6039	3794	9453	7588	6826	6767	59	3854	843	1260	8915	1045	3649	553	271	536	5161	5430	5747	1276	6338	6214	4259	8518	5264	4658	3051	8678	1998	2297	8148	3809	9227	9985	9892	3881	9262	574	1465	4066	5625	6482	2042	4531	166	8897	6264	1890	6765	7633	5931	4739	757	5496	98	6216	3236	5233	6409	6726	8306	5950	9027	5168	1123	4865	7426	9412	8788	4496	513	9395	7331	3053	6593	7228	6821	182	4876	4079	279	7073	7881	5599	6282	4710	4734	5218	8075	7877	8795	796	9045	8074	384
2648	9523	7413	2782	5736	7669	108	6858	1588	9419	1626	6335	805	5816	424	8576	184	1362	9333	9885	7206	4663	5205	1478	9420	3544	5085	4898	4860	7962	903	3889	9215	7069	19	2388	9373	1185	7235	2027	3329	9784	5960	554	2769	6743	2448	1605	7511	9600	3212	8040	4671	5865	7848	6283	4591	1699	7490	6970	3467	4848	682	3771	3239	6167	4161	7612	6741	6527	9721	4555	3439	854	4738	4812	9684	9181	7291	6540	9151	9165	6058	8145	9628	759	7294	8162	7282	7390	5085	2988	3050	4459	6103	369	4616	9879	9959	5310
1682	146	5294	97	1529	2378	8848	6521	4559	7604	3170	2918	3165	171	8878	7164	4044	4007	2085	3247	7100	9208	4705	112	8721	7558	5832	1792	5219	5236	8648	879	965	1279	9546	3181	2107	3131	6303	9748	1061	6645	944	4267	363	5010	8433	4412	8260	7549	9399	1945	4863	1089	8483	4073	4737	2773	9528	7791	4915	7815	5761	3817	2048	3892	8268	9224	5005	7049	7269	8096	814	8268	9558	6238	2571	1084	9415	9977	7535	6250	7630	7817	8230	3607	3227	7087	8668	5928	4594	1048	860	8677	3209	397	5960	5545	8125	9108
2154	1292	7761	4008	7510	169	3292	6009	2940	6501	8412	2827	9936	1050	9874	9799	1271	9795	3544	8581	8195	5673	4592	6501	5960	179	5057	4594	2548	5460	4509	2918	32	488	7549	643	3284	3528	4496	4850	8310	6797	385	60	6613	5767	4201	2388	6015	6214	588	7877	6778	7022	7067	7284	8230	2187	2554	6675	5850	8480	7484	6883	5250	7848	4761	5474	6523	7478	9890	4689	2008	6924	1546	6510	7587	8985	8797	9192	5152	2563	9253	3107	5737	6926	8962	9682	9033	7393	9416	8991	1420	8565	8776	3714	2186	1252	6949	4344
1689	123	7694	3885	4916	5815	1322	7741	9769	165	1896	4364	9542	9520	1889	8	3056	3676	5299	9842	4160	9622	5902	5083	1525	904	8699	2926	5273	7737	4709	4117	9257	3510	5142	9672	3229	8569	6456	6690	2206	6637	5421	4547	6166	5955	3109	3975	8444	79	6478	6980	7027	7049	9491	9193	3163	293	902	8486	2461	7858	6026	2535	5329	9925	6029	2449	6914	4477	5295	3504	51	5778	7421	5286	4125	8838	871	5507	3837	85	4121	2632	4576	6547	6386	6018	7188	6166	8720	3791	3790	9876	2132	2149	4031	7428	9465	5167
2436	1323	6328	683	7123	3141	9520	5516	1524	9918	1062	4700	3412	800	1956	1002	2172	9779	7364	145	6122	7858	7263	592	732	575	4982	9521	8718	7674	9310	4956	1039	6312	5769	779	1301	5812	7350	3106	2246	6541	4864	4476	9079	5076	6043	1874	6527	3546	8087	8102	6382	4133	5508	6626	4829	3751	5007	2294	5057	4004	6429	7463	9202	6010	4891	6184	4689	5652	6732	8654	3823	3607	4509	1256	2069	15	3666	1905	7775	4351	5112	6455	9096	6853	8203	9877	8691	5922	4726	116	6057	2387	7695	2759	764	414	6406	1891
2005	3249	6013	3625	7045	1218	1150	1905	937	7905	5828	5719	3691	487	9432	959	3248	292	8216	2934	5591	5131	4827	9618	518	965	5970	7949	5836	4856	4941	92	9286	6699	814	4300	609	3974	5414	9960	3845	5066	4854	3484	2974	7849	7097	3553	5402	9251	4963	9798	2070	7885	6159	7150	4646	225	2728	5125	7494	2256	3193	5937	9588	4745	8902	7896	9720	6335	6883	8676	872	6744	3163	4773	1930	871	6382	6710	3773	2226	4845	6412	6087	8091	4296	9137	7587	7914	5976	4692	8409	7484	5615	6579	4229	6980	5913	965
3210	529	6381	102	1330	3365	1467	2683	1911	8335	1784	5861	4319	9844	3771	6531	1795	9810	2208	2935	9152	5720	7058	653	247	6951	4480	2169	7574	9354	7781	555	2062	9640	141	3455	3920	8734	5101	7724	1010	6983	1914	547	6282	5884	7534	660	291	4509	1586	8242	7698	4555	4771	1381	119	9442	1010	439	4650	1640	4865	8052	3802	4798	6996	8853	5787	1336	5925	3167	4810	1527	4511	1276	330	4150	784	6677	35	3027	3303	9144	166	3760	6818	2395	7987	6521	4585	553	7350	6595	7415	2158	9231	5127	5236	1909
4002	2589	6949	1099	3402	703	4475	6376	2467	3357	609	2767	9540	746	3899	4676	8237	9693	3146	504	7613	85	4509	326	1902	7782	7421	2609	4548	6846	5819	1247	9320	6210	956	8773	3350	2772	1059	5167	7783	9491	353	7182	4414	3571	7746	3132	4831	4805	6848	4186	2481	4215	6480	5359	6265	2677	890	7076	4797	7777	9809	7430	6234	6676	6049	2805	1361	1009	4609	6504	4984	7932	1014	6027	4438	9270	1525	5516	1120	777	1437	1821	3961	3259	1930	1140	6536	6044	4828	454	5509	6690	2297	1839	2940	7584	4856	1914
2774	4096	5435	9807	2220	1108	7873	6325	5651	4805	4139	4855	1626	1468	4734	2421	9694	4050	1525	2607	2559	7145	5596	9265	962	5404	8913	2220	9333	4866	3434	9589	898	914	1681	8284	1239	6061	4651	4565	5417	6678	7236	3070	9490	358	7685	4279	5556	9397	1256	5053	4215	8599	6522	4141	4586	3266	8654	5552	5161	5709	9466	4474	6181	9976	3722	7132	6076	934	3555	7419	1769	5329	4805	2145	3460	1061	5861	5655	2495	6986	891	8761	7783	8745	2495	7116	6092	2276	6448	2222	8745	5458	6380	1324	1860	6351	6428	9308
924	2934	3190	2781	7849	7322	9523	80	6865	5539	2646	4725	9575	1498	705	1653	1989	1181	3791	2783	4909	5651	5978	6735	79	1316	9919	204	352	1766	9305	8684	7176	946	1692	3336	1916	4188	7679	7207	3827	49	7981	6149	6280	7049	3005	4001	2132	4693	6179	4677	8047	4491	859	9491	4793	2159	580	7897	4495	3187	8907	6756	5451	6719	6905	7913	5311	6747	9267	5133	247	6234	7549	7372	8207	9440	8381	9729	2503	1159	899	7040	5628	1542	1438	6358	7557	6043	4561	2620	3456	7028	5912	3136	7112	7199	3554	5421
6630	949	9853	9526	5303	121	2388	7841	7007	6273	1849	2072	3648	683	9314	2873	3195	2113	575	3687	7876	4770	4590	4876	6045	8098	5205	85	6149	5294	5728	1539	783	2588	7641	2107	3538	7319	1296	5438	7326	7934	9416	2461	6677	4464	2735	1510	5833	689	1641	7920	2714	7416	4420	7633	4775	8212	1902	2683	5137	5147	6029	5896	8111	6183	5250	1948	5822	3330	6823	7077	4259	5592	61	2854	1799	8290	7050	858	7646	1226	9982	6557	9617	1404	1627	7203	8448	5191	4641	1819	7236	4117	6361	5538	3574	9163	5882	1252
3449	532	6354	833	3145	6585	8478	6479	4646	85	8961	3598	147	1993	2013	5025	4095	131	481	3529	5095	195	8566	4553	4567	7478	6701	1526	9527	8074	6263	1481	6427	4397	3245	4355	4378	7173	7798	7167	254	68	2071	1260	5569	5249	7776	7863	9081	4583	7677	2799	1179	1224	7391	7391	8894	9542	3280	6070	8104	6170	8974	9068	3844	6159	7411	5685	5760	2876	4857	8576	6517	9187	4548	3499	5446	710	104	6834	6018	499	5958	5179	9561	9134	3677	344	5856	6636	4640	4601	8605	6823	1925	1501	6999	7427	6162	4761
9814	271	2640	483	409	9999	2648	8491	9559	9215	2440	9256	154	673	6240	2537	9805	3740	7999	9673	6914	9464	5380	1011	5265	1526	4603	5758	9985	6559	6490	2594	4389	3873	2620	3392	2176	1604	1568	9913	2178	2218	1413	6872	8117	4795	6373	2744	6235	5977	4996	6695	78	358	7934	560	5730	3137	3576	7956	4793	2058	5200	9890	6544	6819	6740	2390	4691	6931	8075	4760	920	8454	6501	3571	7098	4615	6335	9856	7116	837	111	4863	91	5577	6358	8211	6576	4648	5718	6902	1809	6608	5235	9877	3939	9024	7001	9951
3515	9582	5949	2272	2339	6358	1666	7195	1692	6679	494	181	2577	2111	810	4458	611	9806	3207	1599	1208	4741	4639	6564	7263	7630	5902	7478	2255	5787	3044	7965	5251	3850	3671	3142	1753	9093	8357	9059	4043	5551	7477	4650	7823	5804	9888	2289	5352	4567	5803	4910	7787	5460	9454	7079	5319	270	871	4746	5083	8958	5615	7207	3340	6375	931	6712	8298	5205	7006	4108	208	2155	352	6551	1279	4616	9102	36	5347	1419	5017	4671	1088	5545	5752	5203	6857	9989	5819	1274	5183	3517	8745	1467	9952	5745	9853	3748
5375	4094	5488	2492	6175	1863	3645	2103	8599	3545	1488	9018	1069	349	5421	5557	9898	2176	2993	641	4711	57	550	5075	159	6261	8721	88	8104	9938	1526	1207	6795	1310	1826	4219	8325	7666	307	8075	3306	8371	3823	7422	2407	8557	8708	3797	1644	4480	5512	9890	5051	6379	438	2218	1359	3227	4878	5269	4678	7940	2132	4459	7592	8219	4134	1390	959	4039	5159	3958	4821	2799	113	1298	885	1018	5165	6146	5192	1508	306	4874	4004	1408	6946	6472	3113	4597	5260	142	8598	5741	6631	4000	1651	1398	5216	1274
287	106	5338	1293	5404	7214	3009	8163	6216	8926	5995	5555	1598	1553	8527	6603	2731	806	3937	1488	5482	4534	2827	1595	5570	7720	4778	70	4477	5614	926	2062	5939	452	6456	6935	644	1627	658	6264	527	6659	7209	8861	8064	8172	6182	964	7017	9617	9596	5127	2698	9656	5037	6092	4853	120	7783	6182	1008	4825	4850	5925	8109	7043	4053	8860	9311	986	9910	7581	820	5440	6149	7532	5869	7426	8362	6636	6881	8556	5296	8906	1826	1850	4292	570	3837	7701	4663	1158	4408	9874	2239	7895	4157	7960	7581	1398
1038	124	7919	1068	5091	693	1295	5507	4794	92	1097	5320	611	2174	4692	9307	660	224	1672	3269	2385	5083	7327	6949	5234	7786	2790	1917	8336	5005	8076	8897	250	2602	3252	2628	1468	6198	5077	2266	1343	1381	5296	1658	844	6128	4920	1463	5916	4671	5325	3020	6655	9853	2295	9118	4561	319	1860	8349	4982	5199	5950	1781	6996	2684	952	1935	9482	1441	5712	9840	9383	8075	4796	2931	2532	2728	1276	4772	5856	9243	1435	3516	4167	9315	6626	2088	9303	5498	4700	1515	9153	9997	6746	2078	3370	6915	8051	7428
4096	9844	6125	9572	5969	2571	2755	9343	6500	2057	9537	4495	8236	4475	7753	9219	9822	609	1269	9824	1696	7050	8589	4776	2257	9413	7980	927	7490	6632	4660	5353	207	2228	545	3362	2375	2138	7490	4607	6975	7339	4399	4278	2721	5642	7246	2273	2247	4708	4317	9314	5293	4682	99	859	4741	1448	767	5447	8839	5005	6883	6690	1850	3237	7695	8962	5475	446	5615	6102	5530	1500	3978	2728	5192	4542	8047	4799	3528	1904	269	9761	5302	8527	8668	8203	9395	5552	4661	9059	6740	5004	8181	3349	4773	7418	7268	4910
4094	3062	5460	684	4629	3065	3877	7097	4553	4887	1310	78	319	4102	3517	9040	3710	2852	8723	482	5568	5836	5619	57	7135	9529	6478	9207	59	5045	1749	1335	4984	471	11	4247	3812	6140	1691	6738	1923	9285	1329	5970	6982	8252	3457	6463	6035	5541	5964	9739	4724	8480	6541	5508	4603	9599	4011	6157	4221	6588	9721	3622	3819	6283	7479	45	2385	2556	5263	9996	1357	737	8216	395	3425	7278	9209	8117	6092	3231	4503	6135	5850	7151	7319	7590	6483	9284	9256	1398	6088	6329	1059	8643	3827	7706	6125	279
942	1786	5997	8731	1405	4272	4182	8674	766	4488	3872	4589	262	2839	1007	3642	3318	9713	991	8730	6607	5051	5944	311	6604	4503	518	2421	6520	8637	5033	2808	3960	1307	4583	586	2971	4943	2467	5863	8496	5126	521	6347	4275	5029	3742	1237	4756	4537	2914	4857	5056	6822	7243	6819	331	435	3830	7685	9706	9231	5074	2386	8178	6797	8638	754	8180	4795	5761	2612	4888	9042	7058	3969	8490	6979	9433	44	8490	2609	2470	1288	1601	3348	3488	9093	7590	7984	9415	1077	6660	4843	6602	1030	4926	6905	5264	4151
4321	4269	9761	9693	5356	2129	1454	1308	9333	4464	435	7050	9583	106	9308	1405	3691	2648	5086	9781	9889	732	117	5303	8230	7688	4657	100	5223	6822	9769	2084	9416	1141	6931	4242	8021	2962	7209	8126	1153	210	4875	8480	1664	8764	5562	3166	6984	4829	6455	1500	7943	7123	5126	2491	4806	9568	8307	9453	1088	8827	4609	5712	8741	560	7418	5869	6564	2910	6738	7761	74	8741	333	4892	4445	7731	1648	6675	3080	2681	3963	1780	574	3250	2641	795	8228	6685	8588	1717	4468	4556	9854	685	8275	7932	7487	1912
123	9575	5924	9723	92	8867	9541	6677	9530	4793	3682	5431	2253	2695	3607	5052	1155	8212	289	3512	2033	4793	9103	9341	5861	5296	5541	4547	7906	8151	8413	4783	1915	1578	3599	8288	4248	7520	6520	5912	533	7243	7664	2653	7701	5182	858	5676	2501	8519	8095	5167	456	536	7957	9976	4728	1187	4542	9471	8623	7687	5334	5438	6503	6158	5502	7270	9996	8519	5334	4608	1548	8178	7641	1436	4006	4782	7007	8771	9653	4157	707	1179	4313	1979	5099	9142	3108	3225	143	9892	3206	6046	7222	3590	6778	2013	6559	8028
3814	2112	6289	1831	889	151	2626	6021	4793	4622	954	4155	3954	630	6350	1674	3884	5893	5938	96	7158	8002	4727	9548	4888	4573	5759	2062	9522	4803	880	2778	8417	1087	8326	8281	980	4356	7144	5001	8170	4383	4900	92	5535	3980	2730	7334	3729	3823	951	1209	1780	4856	6257	6600	8721	4095	6095	7066	30	3718	5802	6595	7932	3458	1221	6061	9867	8502	8052	9465	9251	513	6500	1888	2495	5133	5320	8089	7322	899	8136	6757	9600	305	2616	5881	2571	1034	4708	1345	8290	1303	5487	3154	447	4677	5646	2692
97	465	221	217	731	226	403	516	335	9458	9815	3544	9576	3154	4107	2452	8495	3249	207	9574	9121	7548	59	4950	9264	6507	4853	366	4621	9853	8392	1269	4215	2106	7048	3110	1068	5881	1670	6327	902	3354	7948	1545	9337	3564	9366	6912	2983	8216	866	6811	9808	6505	9248	6542	4593	122	6999	6685	5084	9465	6732	8023	3250	9001	7373	7707	3721	4105	5361	7100	3747	297	5540	8942	3141	6660	9397	7390	5743	3762	379	9808	9547	6271	8816	9074	6844	8424	4715	255	8862	4609	1697	7461	4615	5096	7766	2016
4293	484	8195	2739	6273	3649	1795	329	2980	5736	6399	5718	9824	4300	4047	5363	994	9212	5421	3515	9511	1601	162	4225	118	442	5431	5436	5402	7876	4505	6302	4503	3189	6414	6463	1795	7437	7364	7006	7	5471	3786	5997	4642	2047	9453	1536	6562	4888	7786	8527	1207	4460	8221	6183	4663	756	4231	8227	2085	8949	5612	6264	1260	8408	6618	3837	5740	491	6361	3516	903	7082	9214	7345	6829	1499	0	5844	2616	3215	4861	4476	1264	9016	5723	1634	6678	2043	8441	3217	267	9466	4850	4143	1078	4893	5787	1477
420	9581	5467	1038	7182	172	641	7992	1014	1639	9999	1659	489	3626	1675	1478	613	9576	66	3815	5864	6517	4855	6347	8797	4553	4661	6402	4982	7005	5321	7786	4189	3359	9939	2347	3625	8669	4313	7738	1179	510	933	6557	665	4115	818	4838	5054	7264	343	7762	5007	242	2666	6659	4694	4270	4929	5967	4080	976	8126	3517	2432	3743	8738	6585	5460	8336	5074	3606	9018	6250	3519	4711	6896	7569	5731	6831	9753	3900	66	7996	6588	2091	8734	2567	7233	7066	8649	6324	365	7207	7479	4382	8854	279	7077	711
9734	1756	3236	9573	7905	9083	495	439	1456	4076	493	4463	666	9966	2386	4488	131	9842	8290	9701	9297	7839	4505	5713	9899	2072	62	1247	4479	5531	8028	1300	4287	7365	13	8274	1151	6934	4080	5217	7676	330	4344	5379	1686	8326	4379	4163	8806	4728	9013	5096	9144	6882	6410	5480	5002	4023	4623	6411	4899	4770	9890	6046	7927	6645	1697	1236	1288	8444	6898	5591	3403	1861	4462	4614	6295	5267	5632	9471	9443	3780	4404	8186	7839	2031	9093	8323	2373	3494	4820	4813	1770	8196	4857	525	1913	267	3721	4334
1916	9540	1321	9844	6180	7348	6854	9801	179	9521	1312	4639	9525	9576	2387	5208	4301	9539	1349	2182	4911	554	4591	1449	57	2918	8900	4451	5902	6737	4705	2067	855	1943	3209	1974	9542	5513	2393	9874	871	3777	3433	1907	209	633	5839	1788	1000	159	4267	7078	1247	9840	7538	81	1225	1488	4961	4772	1122	958	9910	7944	9722	7365	8605	6063	4733	6583	6996	5441	3518	6329	4591	1270	538	758	8222	5490	9327	4195	1889	7462	6456	4940	6623	8273	6611	44	4503	475	3956	6744	6288	497	5163	2720	5073	9494
2791	1557	71	121	5964	861	300	2336	8720	5161	2116	4646	125	463	3844	1089	1981	9595	206	1068	4606	1001	7	7297	4681	5969	9397	4076	7806	7337	4957	4149	6314	656	1903	4008	8954	6386	2548	6618	1724	3269	159	2548	1034	6200	1905	4062	6891	554	7815	1088	4716	9895	9988	6676	8794	7103	5070	8117	5302	2188	5237	1289	6744	7840	8119	5446	551	3756	7810	8340	114	8825	6528	7490	5670	4867	78	4894	8247	2669	466	3866	5162	8454	1948	6829	2684	6003	1526	3259	5716	6409	8266	1339	2931	1611	6731	1088
149	3515	5711	9806	2057	1254	2065	6834	3456	4003	225	4505	9759	1116	8287	4629	671	3885	3688	1295	2521	5209	1231	5164	2071	6642	7641	8441	550	5463	4906	213	100	6921	5596	2124	1462	3117	7181	7041	7112	81	729	2194	3151	1778	5973	677	4666	7850	3674	5863	4760	9889	7683	7620	4495	4175	8644	5049	7641	3107	2167	3036	5605	99	6429	9908	9909	766	5921	1978	8761	9798	4552	7146	2204	8826	8589	4815	8940	1058	4330	7117	4472	1779	7770	1843	9056	4642	4829	4408	6024	9809	9296	7382	3329	5754	9067	8852
6139	2176	5512	2783	1823	2953	1064	7956	744	8441	2935	2917	2690	2320	2422	9875	4036	7961	6528	1310	5826	4476	1	7573	4490	4762	31	889	5970	6954	4586	4317	648	2575	1908	270	3714	7504	5221	7963	3830	5489	5321	7123	9644	8382	5125	2819	4836	9920	4115	6740	4676	6128	7814	7976	4584	2945	4687	5565	1902	8769	8052	5096	6049	1309	5605	885	6225	9185	7484	9889	3674	7811	9560	5036	3836	4085	5026	4563	1429	875	9357	9751	5731	2720	8211	8693	7367	6677	6446	2853	1047	9841	8788	7969	7117	2611	6431	1365
9576	9646	5804	2934	6237	3062	2357	7178	8188	1357	3769	9356	9644	3854	4980	4225	2388	210	4604	2638	5463	549	4678	7604	5131	5601	5948	5529	2070	9720	58	1135	8784	2605	5	2320	7631	9737	9931	5053	1780	6611	7302	1813	5271	8580	559	9071	4541	607	3150	9910	9618	9558	6971	7824	5430	4301	4852	6521	4672	5924	6823	1180	1356	2666	6937	2689	1780	4784	5200	5990	688	8776	4547	8372	4177	2948	1399	4642	5035	5529	774	8051	767	2998	8537	6623	8472	4772	5132	1464	5904	1675	9809	821	3643	2207	9266	7344
6837	843	4825	154	246	96	3515	6441	4622	5387	3996	5652	9568	9082	1779	1046	9670	3691	2557	9795	4849	5293	5406	4507	4829	4090	6930	4553	5108	6882	79	1587	2377	2689	5368	2514	2905	6651	2999	5827	6297	721	4505	1691	7404	7022	8445	1199	4959	8971	3598	9068	6505	7297	5658	6541	8650	328	1380	6774	5510	2640	5459	6785	7373	4380	5649	8201	2632	6414	4556	8696	8047	6343	9397	1375	1680	8382	6423	6687	6374	4194	3310	2698	6051	797	2672	6843	9159	884	4763	2013	7784	9913	9939	2472	1122	2338	4866	1076
2952	2743	7858	9549	1647	1834	1479	9168	4978	4577	4301	4536	9937	1750	634	984	188	1479	8852	1292	1002	5057	7264	6525	1790	873	7906	92	1524	8252	1660	3208	3703	1069	556	4481	2958	7714	1376	6732	1056	7596	5388	3310	3549	5997	9834	4527	7139	7124	5870	7167	6557	6655	9833	5551	7572	2960	3007	80	3500	5711	6690	5520	6803	9303	8341	339	4	3979	8152	9867	4789	1654	5902	213	627	745	5555	6599	7707	1247	1365	5758	7777	7883	9411	1386	7360	4966	4591	379	1466	9960	6049	1728	1226	296	6805	5776
3138	3342	6455	155	8335	5995	1963	1389	4629	5042	3134	1300	1625	2446	2027	2995	1378	9525	8566	2312	4185	7117	3368	9893	4704	4577	7686	5924	4620	9889	5365	359	1495	2967	2229	3882	3515	9691	5782	4474	5549	8616	1398	4507	5954	5331	817	3534	722	5652	1690	5159	9336	4311	5449	4771	4661	601	7588	5450	5567	7980	6869	9721	5134	7824	6597	8472	3027	1313	6847	1549	1314	827	5431	3881	401	8832	4079	8163	9969	4116	2092	8327	9919	4348	6913	9737	3743	6160	2916	1043	8746	7611	5438	2944	8794	1875	5475	5096
2890	525	8151	2388	165	7169	2695	2372	1670	7045	7378	4591	2871	2741	3503	2559	9578	3269	5978	9778	3167	4484	357	7206	8362	4629	5223	9356	7787	5746	118	5012	4553	4324	5205	1580	1317	7728	5802	7418	3105	8014	5595	2255	2497	8195	4815	4248	6852	5260	3523	9007	9889	5088	7692	7538	5903	3065	5481	8859	7046	8151	4690	1661	3607	2036	3555	9037	3076	6657	6597	7515	9095	6597	6415	8793	3113	3499	3403	7393	1110	442	1508	7071	447	8031	1771	2515	8808	6376	4705	9987	1098	1221	5774	1244	7510	9308	6076	3434
3066	503	1273	2494	4667	2616	611	7539	4557	730	7383	77	3262	5726	632	3205	1200	1064	9214	9541	4856	78	4604	1538	4590	4521	5092	584	8920	6102	1329	1547	103	4375	5860	4375	1832	3842	8222	1088	134	6600	2094	352	1428	5949	7847	2002	3348	4797	2803	7028	15	5512	8068	9285	5909	8206	5265	5764	4480	8722	6049	6075	3264	664	7724	7314	4760	8076	8266	3770	2709	8254	4701	2058	6585	2954	140	8482	1390	2480	7364	7517	7828	3931	6792	6465	6374	6457	4478	6278	6872	6847	6953	1191	1900	8341	5865	5327
2852	1468	4476	4058	4507	2381	7680	6612	9895	4876	4381	119	3769	1493	2247	5075	2472	1045	86	9631	3554	166	9256	5356	4736	3093	6736	8649	4794	5328	8972	7145	3164	1325	553	6066	614	7722	8518	5127	5798	9753	7044	5737	4799	7464	5691	3336	6409	9521	6172	3819	927	4951	8908	5735	7421	7961	9336	1235	8522	5512	5962	5754	5426	9285	1278	9248	6632	6827	7695	6743	4685	1408	4479	1418	2022	4046	7772	2205	1541	391	9624	4914	8699	424	6061	7062	8351	6336	4593	2185	4902	4965	6907	276	4818	7927	5294	3730
348	3849	1251	132	1729	754	3615	6648	6020	6402	293	3469	8798	3288	7028	4631	3951	2839	6509	9575	5005	6683	4538	4835	7947	4259	1860	9555	5047	5475	6520	4901	2536	9787	31	1846	2822	2616	3322	3722	1288	5037	4483	7059	7066	4994	8305	4362	2428	7842	8942	5941	8051	9909	6010	9965	7263	9701	447	8370	8920	9955	6847	5229	3252	8908	6327	2022	1179	2941	9466	7598	3054	9058	3546	308	6063	3430	4457	8521	5752	3674	7772	9700	7947	6643	834	3117	376	7090	6447	1421	9202	8052	5827	6099	1570	8178	5199	11
3043	2905	8564	1322	5387	9781	2741	5490	5879	4693	2629	8588	948	4528	3802	5542	9645	4179	4503	483	5475	1449	307	5168	2548	972	6866	268	9622	7483	545	3484	9207	1940	5108	2240	4301	7631	5642	3622	8230	6709	4794	62	9284	7145	7366	3626	4846	7309	9727	9202	4672	6752	81	8932	5719	9575	8226	7366	4582	5610	9854	8481	8497	5564	8597	2736	5045	2184	7420	7158	9862	5476	5057	1397	7043	650	6783	48	7983	6642	8417	809	9216	4257	6542	7319	4438	4563	4569	719	5332	3252	7738	8321	8416	5887	7483	2482
3687	4102	8173	1879	9185	8289	9568	7791	8973	5713	9793	4538	2960	530	1550	6556	412	9594	725	3609	6047	395	5086	9947	718	855	4541	1904	2916	5760	4105	5587	5911	4256	8413	1942	411	5972	8591	3771	2861	7892	3791	2223	3596	9895	4563	3013	6068	4511	1220	8109	7123	4608	8616	6159	4716	9619	8914	7847	5731	3741	2386	4609	8660	4006	2832	4426	9889	4703	7218	4964	8989	7019	6214	7417	8165	8654	8145	6182	8166	9253	8720	1904	3600	3020	3540	9352	9887	9732	5131	3899	836	5327	1209	646	6851	4565	5232	3631
