0	2176	71825
0	3752	72133
0	2005	75439.2
0	3615	84044
0	4058	87940.9
0	3625	88491.9
0	1317	92431.8
0	1625	92439.6
0	816	92550.3
0	1292	93057
0	2837	93107.4
0	1038	93267.4
0	4009	93373.8
0	2791	95479.8
0	1895	95615.3
0	882	95819.8
0	1756	95822.3
0	5307	96233.4
0	4263	96240.3
0	2776	96997.6
0	1045	97444.6
0	5375	97897.4
0	4064	97907.1
0	9541	98870.8
0	1272	99128.6
0	5231	99665.2
0	4321	99678.8
0	2952	100555
0	1993	100689
0	4527	101005
0	800	101097
0	1254	101545
0	3318	101743
0	97	102083
0	696	102421
0	9806	102637
0	2969	102685
0	3947	102797
0	190	103527
0	8887	103820
0	4293	103963
0	370	104187
0	2281	104726
0	2280	104842
0	3553	105244
0	4002	105350
0	9066	105428
0	3013	105554
0	287	105600
0	492	105707
0	2456	105794
0	3543	106032
0	8830	107107
0	3079	107144
0	9211	107263
0	1710	107319
0	4938	107372
0	598	107376
0	123	107505
0	1250	107618
0	6244	107777
0	9758	107799
0	124	108647
0	9814	108741
1	462	66753.9
1	3136	66832
1	1322	67203.1
1	1533	67962.2
1	9564	69429.5
1	2183	70050.8
1	9125	72034.9
1	1038	72077.5
1	9814	72119.3
1	9574	72138.9
1	9807	72744
1	3864	74331.2
1	532	74792.9
1	3568	74828.3
1	465	75176
1	2781	76575.4
1	925	76667.7
1	1150	77099.6
1	145	77209.9
1	1993	77344.6
1	2445	77655.4
1	9536	77731.1
1	9714	77733.9
1	9842	78782.3
1	1116	79264.8
1	2078	79420.9
1	702	79737.8
1	1467	79834.4
1	397	79867.8
1	1543	79943.3
1	1151	80048.7
1	9715	80374.8
1	97	80407
1	3138	81400.5
1	800	81730.2
1	154	82009.8
1	9520	82031.2
1	3615	82047.9
1	3998	82154.2
1	2005	82190.2
1	2755	82506.8
1	8643	82722.2
1	1807	82954.7
1	1916	83099.2
1	3342	83349.1
1	504	84186.7
1	833	84679.3
1	1468	84959.6
1	9824	85420.4
1	6762	85449.3
1	7437	85499.8
1	1557	85565.1
1	2174	85801.1
1	2382	85805.7
1	2934	85882.6
1	3062	86179.1
1	3687	86192.2
1	9576	86355.3
1	3013	86419.7
1	4096	86425.9
1	3210	86480.2
1	1756	86733.7
1	3153	86787.9
1	1879	86850.7
2	9972	44610
2	9938	48008.4
2	2698	49691.2
2	2707	54309.9
2	6360	54940.5
2	6995	55896.3
2	5469	58081.6
2	6801	59329.1
2	6846	59703.2
2	5475	60397.1
2	5882	60902.1
2	4225	60912.7
2	5453	61664.2
2	3212	61905.2
2	6162	61934.8
2	5294	61975.1
2	7761	62097.4
2	5787	62210.9
2	5955	62681.1
2	7919	62898.7
2	2714	63163
2	6406	63473.9
2	4407	63487.1
2	2230	63744.2
2	6428	63767.3
2	5199	63954.4
2	8564	64261.4
2	7483	64511.6
2	7414	65048.1
2	1821	65931.3
2	8604	66311.7
2	8879	66333.8
2	6013	67288.7
2	5232	67380.1
2	8402	67897
2	6564	68213.7
2	1640	68531.1
2	6487	68662.3
2	6299	68682.2
2	7206	68968.7
2	6531	69402.5
2	6906	69593.5
2	2481	69726.7
2	5992	70280.6
2	5328	70349.4
2	5360	70529.5
2	6048	71160
2	6028	71301.2
2	4566	71510.5
2	6754	71550.1
2	8480	71662.2
2	5804	71671.8
2	8252	72438.6
2	9808	72479.2
2	5216	72482.2
2	4608	73168.2
2	8645	73285.5
2	5711	73323.7
2	6047	73332.7
2	5614	73455.7
2	5173	73475.3
2	5073	73500.7
2	6954	73564.3
2	1960	73571.2
3	9843	42220.5
3	9825	43963
3	4096	57161.6
3	9582	58767.3
3	107	61855.5
3	9574	62181.9
3	2308	62595.6
3	123	66205.2
3	124	68024.4
3	127	68144.1
3	9576	68231.9
3	9692	68782.3
3	9518	68932
3	145	68998.4
3	9066	69397.1
3	9842	69453.8
3	3409	69902.4
3	9211	70225.9
3	125	70450.8
3	9525	70927
3	484	71184.7
3	9575	71189.9
3	9541	71873.3
3	106	72057.5
3	9807	72951.6
3	3543	72981.7
3	9781	73004.8
3	146	73061.4
3	121	73521.8
3	3752	73827.6
3	483	73863
3	2781	74291.2
3	9805	74399.9
3	131	74404.7
3	4094	74620.4
3	2112	74707.8
3	9714	74780.4
3	9526	74804
3	755	74878.2
3	272	74921.2
3	9937	74948.1
3	102	74948.6
3	270	75438.1
3	9824	75776.4
3	3210	75937.1
3	482	76040.5
3	4097	76403.2
3	2320	76637.3
3	504	76700.6
3	9540	77079.9
3	3211	77360.5
3	1879	77533.7
3	8477	77744
3	8799	77951.5
3	2183	78088.8
3	4095	78115.9
3	4162	78124.1
3	3568	78179.2
3	217	78274.4
3	97	78634.6
3	3997	78872.4
3	4008	78909.4
3	2492	79010.2
3	147	79020.4
4	3492	62801.7
4	1671	64325.5
4	5164	64406.6
4	4719	66169.2
4	6318	68969.7
4	4764	72040.6
4	917	74282.8
4	1529	76855.9
4	1538	77233.5
4	3462	77522.8
4	5609	80241
4	4559	80551.2
4	1330	80631.9
4	5758	82294.1
4	9002	82790.4
4	5775	82909
4	3145	83281.1
4	4507	83433.6
4	1958	84220.5
4	2339	84290.8
4	1586	85024
4	3104	85145.4
4	4553	85860.1
4	417	85926.2
4	4839	85934.4
4	6865	85998
4	4724	86458.3
4	358	86639
4	4835	87414.6
4	5091	87654.2
4	5326	87654.2
4	9013	87757
4	1302	87758
4	8397	87892.2
4	4464	88115.8
4	5897	88422.5
4	6180	88709.7
4	4631	88793
4	7642	88946
4	1405	89001.6
4	4715	89552.7
4	5208	89563.7
4	8046	89657.7
4	2856	89745.1
4	4981	89815.2
4	5624	89870.6
4	5353	90196.1
4	4887	90412
4	4987	90463.1
4	4916	90635.7
4	3000	90668.2
4	1674	90772.3
4	5356	91298
4	6108	91334.5
4	7045	91664
4	8263	91788
4	1647	92026
4	1917	92064
4	704	92728.5
4	5904	92739
4	73	94207.4
4	165	94415.9
4	7905	94530.4
4	9307	94666.9
5	535	81968.8
5	1097	87203.9
5	3227	87900.7
5	1239	93417.9
5	4222	94081.2
5	1707	94718.5
5	4445	95624.5
5	9370	96002.3
5	804	96670.5
5	2607	97094.7
5	1896	97261.8
5	6767	98540.9
5	9608	99580.7
5	1403	100111
5	2945	100890
5	4943	100932
5	1834	100935
5	1068	101217
5	4060	101245
5	1626	101300
5	5874	104520
5	3241	105446
5	3699	106080
5	4002	106291
5	1532	106664
5	7669	106896
5	3652	107312
5	9083	107391
5	693	107571
5	9690	107965
5	2312	108000
5	3112	108589
5	4447	108872
5	7837	109086
5	9914	109302
5	2791	109308
5	1120	109952
5	9579	110110
5	4296	110204
5	3189	110565
5	3649	110619
5	8666	110742
5	861	110837
5	9911	111067
5	660	111366
5	754	111614
5	2629	112098
5	8366	112342
5	2381	112427
5	4216	112511
5	4256	112554
5	6039	112578
5	2710	113222
5	1677	113244
5	2880	113540
5	9074	113987
5	4443	114061
5	121	114184
5	8846	114248
5	2378	114444
5	645	114538
5	1108	114616
5	2760	114646
5	3399	115207
6	2774	62121.3
6	1916	64390
6	2456	65684.5
6	924	66055.2
6	8581	68122.6
6	8642	68351.6
6	3996	68576.5
6	8773	68735.2
6	3687	69082.8
6	8478	69468.2
6	8848	70067.8
6	1666	71796.2
6	9629	71823
6	2626	71846.7
6	8886	71967.5
6	2638	72028.3
6	3713	72942.1
6	2732	72946.8
6	2702	73186.7
6	2435	73186.7
6	3609	74500.5
6	8000	75263.7
6	4248	75541
6	3948	76352.7
6	9651	76587.7
6	2176	77016.6
6	3943	77059.8
6	3013	77564.2
6	3615	77813.1
6	9701	77896.8
6	1468	77911.3
6	1151	78148.9
6	1682	78393.8
6	683	78998.8
6	3856	79177.6
6	694	79682.8
6	942	79971.7
6	8643	80540.1
6	8748	80739.7
6	9175	81086
6	3137	81104.3
6	7873	81128.9
6	108	81270.7
6	1064	81403.5
6	2543	81962
6	2124	82043
6	3530	82203.7
6	3298	82346.9
6	402	82825
6	2065	82970.2
6	2388	83151.5
6	6598	83200.4
6	2002	83647.8
6	1038	83845
6	1467	84046.1
6	412	84049.3
6	2890	84236.5
6	300	84348.1
6	9373	84815.8
6	9860	84929.4
6	340	84970
6	642	85176.3
6	5727	85296.2
6	3954	85414.9
7	5447	37371.6
7	7586	39852.1
7	5671	43122.2
7	3109	43138
7	5868	43638
7	6639	43985.5
7	2735	44492.6
7	5900	44751
7	8859	47828
7	2502	48733.5
7	7992	50686.2
7	7791	50986.7
7	2804	52685.6
7	2205	52745.2
7	2974	52777.3
7	4597	53469.5
7	9394	53955.7
7	2448	54614.4
7	7845	54957
7	7685	55224.3
7	4648	56025.7
7	6831	57023.2
7	2021	57032.9
7	9249	57209.6
7	2103	57227.2
7	6711	57805.7
7	884	58198.8
7	8491	58204.5
7	1034	59136.5
7	7627	59251.8
7	6079	59804.1
7	6091	59875.7
7	8433	60643.8
7	36	60701.5
7	3308	60781.6
7	516	60829.7
7	7897	61120.4
7	1235	61920.6
7	3693	61926.6
7	7444	62064.2
7	9128	62106.7
7	5751	62152
7	338	62876.3
7	4578	62891.4
7	8674	63411.9
7	6858	64291.5
7	7741	64862.6
7	6146	65531.6
7	1886	65610
7	6970	65829.4
7	7118	66545.8
7	7189	66718.5
7	6441	67010.9
7	6017	67168
7	7097	67562.6
7	7234	67671.7
7	9929	68637.6
7	44	68678.7
7	7265	68941.6
7	2035	69025.4
7	329	69239.9
7	7751	70038.7
7	7195	70149
7	8692	70556
8	1098	58349.8
8	783	67758.7
8	1656	68156.2
8	3382	68914.2
8	7828	69460.2
8	4391	69935.2
8	8518	70419.2
8	3600	70592.7
8	9628	71051.9
8	7399	71861.1
8	3912	72679.8
8	73	74062.5
8	3961	75319.6
8	4622	75857.5
8	1659	77146.9
8	1546	77146.9
8	1014	77152.5
8	4839	77461
8	7235	77482.1
8	4741	78280.8
8	5002	78364.4
8	4304	78403.5
8	9728	78473.4
8	1670	78717.5
8	2980	78719.1
8	3000	79457
8	4738	79658.4
8	892	79743.4
8	1275	79834.4
8	8441	80137.1
8	6765	80225.8
8	8335	80454
8	1568	80690.1
8	8270	80692.9
8	179	80979.9
8	549	81261.6
8	8176	81450.9
8	7050	81830.8
8	1456	81946.2
8	4793	82241.8
8	8599	82444.5
8	6865	82890.3
8	766	82937.6
8	8580	83191.6
8	335	83576.3
8	7804	83810.7
8	9333	83843.7
8	4981	83942.5
8	7297	84054
8	7905	84188.7
8	1586	84212.7
8	9548	84216
8	5137	84263.8
8	6020	84548.6
8	4553	84625.6
8	1067	84819.1
8	5169	84955.3
8	433	85334.9
8	6816	85440.3
8	9618	85472.7
8	9895	85741.8
8	1525	85823.2
8	4719	85867.2
8	1692	86123.4
9	4764	59959.1
9	1671	67597.4
9	7642	67912.5
9	9013	68591.6
9	5609	69311.1
9	1046	70163.8
9	4719	70549.3
9	1586	70609.5
9	4715	72955
9	7849	74153
9	7123	74153
9	6318	74214.1
9	7885	74321.9
9	358	74991.8
9	5164	75099.1
9	3000	75704.4
9	917	75743.4
9	7804	76621.2
9	1330	77140.7
9	3145	78030
9	5758	78161.6
9	7309	78197.8
9	6348	79267.6
9	4624	79423.1
9	4507	79687.2
9	4596	79715.2
9	1538	80184
9	1958	80263
9	9707	81982.9
9	9695	82002.9
9	688	82043.1
9	2980	82425.3
9	9623	82564
9	3492	82774.1
9	8301	82834
9	5356	82917.2
9	889	83083.1
9	5747	83306.1
9	3545	83498.4
9	4724	83529.4
9	4839	83635.9
9	7182	84056.3
9	6501	84285.4
9	7842	84309.2
9	5964	84419.5
9	3462	84544.1
9	4547	84779.6
9	4115	84854.5
9	9215	85166.4
9	6865	85770.5
9	6322	85775.8
9	1128	85907.3
9	7478	86317.5
9	4476	86500.6
9	4887	86509
9	8188	86692.3
9	4916	86899.2
9	6624	86924.2
9	9521	86976.1
9	3674	87169.1
9	6128	87173.9
9	2688	87299.7
9	5088	87305.5
9	5744	87864.7
10	6529	89340.2
10	496	90799.6
10	1218	91680.2
10	693	92488.8
10	4060	92951.6
10	645	93196.8
10	281	94774.7
10	804	94897
10	7294	95575.4
10	1614	95642
10	6946	95767
10	8366	96090.6
10	849	96720.4
10	4139	96752.5
10	1167	98882.9
10	2607	99895.5
10	9911	100063
10	1239	100330
10	2991	100366
10	2945	101821
10	2531	102138
10	535	102190
10	1488	102298
10	1286	102591
10	4104	103329
10	526	103753
10	185	103920
10	288	105164
10	9565	105570
10	5842	105666
10	6078	105852
10	733	106052
10	2116	106067
10	1295	106249
10	1896	106292
10	8027	106630
10	1068	107174
10	8378	107366
10	4036	107436
10	5828	107651
10	9914	108225
10	4250	108397
10	2924	108461
10	1310	108505
10	317	108614
10	1311	108909
10	5995	109174
10	1403	109604
10	9388	109672
10	679	109716
10	1312	109736
10	1784	110036
10	1626	110584
10	9218	111189
10	2942	111333
10	9537	111361
10	219	111363
10	3996	111710
10	2960	111737
10	3227	111815
10	3170	111844
10	3266	112098
10	508	112260
10	4216	112274
11	4697	44325.7
11	181	50850.4
11	4640	50949.9
11	4726	51072.9
11	205	51728
11	4739	52135.7
11	4762	52256
11	8566	52622.8
11	3754	53316.3
11	1732	53483.9
11	4613	54664.5
11	4680	54813.9
11	4605	55098.6
11	1525	55886.9
11	4777	55929
11	7263	56180.9
11	5601	56231.7
11	1359	56277.4
11	5087	56310.5
11	1526	56354.8
11	4105	57206.8
11	2072	57948.5
11	9707	58335.8
11	4779	58473.7
11	4586	58668.7
11	5719	58803.9
11	9769	59008.5
11	1659	59226.3
11	1546	59226.3
11	5539	59408.8
11	4483	59737.4
11	4589	59748.2
11	5652	59796.1
11	2827	59943.1
11	4561	60182.7
11	2918	60433.5
11	8851	60481.8
11	4585	60508.8
11	2268	60579.5
11	4594	60806.8
11	5525	60853.4
11	5976	61190.2
11	4647	61387.1
11	8589	61522.3
11	6335	61763.3
11	1660	61811.3
11	1547	61811.3
11	8216	61912.1
11	4729	62199.5
11	5861	62283.4
11	5018	62283.7
11	4698	62286.8
11	2374	62293
11	3045	62344.8
11	9356	62459
11	6489	62673
11	5430	62728.5
11	4700	62736
11	9018	62835.3
11	5718	62892.9
11	4512	63100.6
11	2071	63153
11	2459	63391.2
11	8972	63448.9
12	2113	54855.9
12	506	56514.7
12	3135	59116
12	1832	60159.6
12	483	60887.1
12	1362	61698.6
12	120	62830
12	24	63009.6
12	2415	63265.6
12	4057	63652.7
12	106	64401.2
12	288	65288.7
12	805	65733.8
12	4301	66862.1
12	1707	66893.5
12	2128	67486.7
12	4095	68048.1
12	2108	68051.1
12	9715	68110.8
12	1537	68646.4
12	9525	68942.2
12	9540	68991.5
12	9914	69330.6
12	9936	69333.7
12	9543	69376.4
12	9692	69379.8
12	150	69465.1
12	1834	69491.2
12	9595	69504.2
12	9713	69504.2
12	2577	70160.8
12	611	71161.3
12	3211	71432
12	2477	71638.1
12	154	71794.2
12	9581	72096.7
12	107	72182.7
12	1677	72349.4
12	262	72456
12	3489	72769.6
12	9651	72899.9
12	9842	73179.1
12	9519	73264.1
12	156	73322
12	2782	73372.5
12	128	73775.7
12	9826	73874.5
12	1069	74401.5
12	9824	74482.4
12	2182	74912.2
12	9553	75314.3
12	171	75729.9
12	2493	75881.6
12	489	76123.6
12	3077	76265.7
12	2300	76657.3
12	2650	76761.8
12	4386	76888.5
12	3982	77001.5
12	3248	77260.4
12	9554	77390.4
12	3042	77536.3
12	2308	77542.1
12	2271	77643.7
13	9815	58603.8
13	3609	62383.8
13	3136	64711.4
13	3197	65446.5
13	1531	65544.1
13	1564	66001.1
13	9602	67363.3
13	9574	68534.1
13	1322	69111.5
13	9860	69368.7
13	1805	70425.7
13	1363	71562.8
13	1849	71899.8
13	746	74009.5
13	2795	74299.4
13	1616	75668.7
13	9663	75680.5
13	1150	76208.6
13	108	76293.3
13	9807	77503.3
13	617	77921.1
13	403	78293.4
13	1149	78405
13	1993	78625.4
13	120	79535.7
13	1036	79752.1
13	909	80070.3
13	9837	80073.2
13	2089	80478.9
13	8389	81190.7
13	1323	81376.5
13	2174	81468.2
13	2003	81708.5
13	5623	81736
13	171	81804.5
13	843	81902.8
13	673	82318
13	1467	82520.7
13	2801	82597.8
13	3288	83051.6
13	630	83348.8
13	1750	83491.5
13	924	83811.3
13	3628	84025.6
13	954	84066.5
13	9759	84130
13	1703	84424.8
13	3138	84626.6
13	642	84725.7
13	9715	84898.5
13	869	85001.7
13	2065	85153.9
13	3681	85243.5
13	1633	85287.9
13	3788	85444.5
13	1012	85564.9
13	1116	85575.4
13	1127	86014.2
13	1468	86169.2
13	2699	86291.3
13	1033	86601.3
13	8478	86820.3
13	9936	87062.2
13	544	87065.1
14	2826	73833.4
14	2771	77990.7
14	8878	80275.2
14	7744	82759.2
14	906	83721.8
14	7564	83995.2
14	4151	84789.4
14	7753	86928.8
14	1019	87336.2
14	1145	87458.4
14	69	87616.4
14	3020	88402
14	3631	89287.6
14	797	89370.5
14	8032	90977.3
14	373	91093.6
14	2591	91350.8
14	3802	92171.8
14	8168	92430
14	9016	93239
14	6853	93278.9
14	2013	93591.8
14	9588	93617
14	9484	94171.5
14	4565	94330.7
14	1410	95786.9
14	5528	95910.4
14	1881	96265.9
14	1264	96439.4
14	1398	96552.9
14	3899	97028.7
14	1722	97113.6
14	4767	97484.7
14	2170	97553.3
14	1652	97802.8
14	2563	98197.1
14	1838	98250.1
14	5592	98295
14	6137	98338
14	2541	98369.5
14	2480	98694.7
14	1875	98709.5
14	6234	99353
14	576	99551.9
14	4047	99582.9
14	9913	99592
14	5178	99809.4
14	4831	99940.9
14	2518	99969.4
14	8825	100001
14	3929	100214
14	714	100436
14	1889	100471
14	6387	100502
14	5916	100564
14	2656	100742
14	8986	100837
14	9314	101301
14	1644	101302
14	3270	101336
14	6926	101613
14	3607	101804
14	8919	101843
14	722	101951
15	6107	57614.7
15	5326	59456.9
15	5091	59456.9
15	409	63535.2
15	1302	64300.5
15	9747	65745.7
15	6496	66223.1
15	9891	66575.8
15	5775	66627.2
15	3818	66649.2
15	3150	67614.8
15	4760	67630.2
15	3145	68296.9
15	5864	68745.6
15	3964	69454
15	2	69531.7
15	1483	71602.3
15	394	71878.3
15	4488	72478
15	70	72756
15	2537	72878.9
15	5311	74428.7
15	2911	74675.5
15	8263	74902.2
15	1662	74991.4
15	8988	75202.2
15	233	75665
15	5849	75902
15	1419	75996.6
15	1892	76215.3
15	5168	76604.5
15	2452	76667.2
15	3325	77597.1
15	959	78174
15	7052	78343.6
15	731	78364.5
15	5831	78654.4
15	9002	78995
15	8576	79057.4
15	6865	79062.7
15	2483	79376.6
15	1600	79428.7
15	2033	79634.1
15	9170	79771.1
15	5753	79815.1
15	4570	79948.6
15	8401	80638.6
15	73	80716.4
15	4631	80723.2
15	984	80727.2
15	7164	80738.2
15	3462	80826
15	6531	80832.4
15	417	80909.5
15	1674	80984.4
15	8915	81212.9
15	7995	81480.5
15	5353	81750
15	4622	81793.5
15	889	81822.3
15	8397	82253
15	6388	82379.4
15	5740	82730.5
15	413	82989.2
16	8012	55994.6
16	2301	56683.9
16	3490	56996.6
16	2850	58672.2
16	3318	58673.6
16	1045	58763
16	8547	59138.4
16	3829	60142
16	3935	60609.8
16	9758	61306.8
16	1378	61625.3
16	2578	61676.6
16	288	62488.5
16	1272	62907.2
16	4269	62956.2
16	1293	63362.3
16	3042	63512.7
16	286	65117.5
16	1517	66040.4
16	1044	66236
16	1598	66498.8
16	9898	66751.6
16	319	66813.1
16	2371	67087.4
16	1156	67747.1
16	1287	67976.5
16	3515	68002.8
16	1795	68108.4
16	3971	68219.2
16	1625	68233.3
16	1295	68319.6
16	1895	68444.3
16	1086	68652.8
16	2433	69587.6
16	3061	69734.8
16	8352	69929.3
16	4435	69978.8
16	7680	69994
16	9578	70138.4
16	470	70619.1
16	9573	70894.3
16	3951	71048.4
16	1986	71148.6
16	262	71261.4
16	6981	71493.7
16	5817	71612.8
16	9531	71671.2
16	1155	71899.1
16	9595	71976.5
16	9713	71976.5
16	2909	71981.6
16	4296	72578.2
16	1707	72754.4
16	1099	72821
16	1565	72826.9
16	2172	72938.1
16	684	73392.1
16	9822	73546.7
16	3029	73953.5
16	1756	74028.7
16	3997	74079
16	2843	74205.5
16	4057	74303.8
16	4301	74336.7
17	9629	60619.3
17	1370	64726
17	4096	64904.2
17	4063	65513
17	107	66185.3
17	3997	67437.6
17	3946	67471.6
17	3042	67606.1
17	2852	68997.5
17	149	69986.1
17	219	70667.5
17	9922	71033.6
17	9805	71138.5
17	5893	72412.8
17	3645	73015.7
17	3687	73131.3
17	421	73352.2
17	8478	73528
17	1151	73678.8
17	8848	74164.5
17	172	74514
17	2113	74726.2
17	4049	75802.8
17	3350	76153.5
17	9542	76282.5
17	1981	76371.7
17	1458	76614.1
17	1986	76861.7
17	806	76892.5
17	9758	77309.7
17	3138	77678.6
17	1323	77782.1
17	2362	77860.3
17	1250	78124.4
17	1699	78701.2
17	8773	79077.6
17	2203	79411.8
17	9595	79433.3
17	9713	79433.3
17	126	79494.2
17	8690	79812.2
17	484	79846.1
17	1295	80068.6
17	3609	80212.2
17	1292	80299.5
17	9897	80337.7
17	3627	80676.4
17	470	80705.8
17	147	80761.8
17	4383	80938.1
17	9630	81019.8
17	7970	81143
17	4610	81269.7
17	8774	81366.3
17	924	81661.3
17	2774	81720.4
17	3249	81721.7
17	9807	81740.5
17	1916	81797.9
17	3829	81858.6
17	9594	81883.5
17	9712	81883.5
17	1045	82001.3
17	9525	82095.6
18	2393	63921.3
18	1791	64667.5
18	903	65120.9
18	872	68347.7
18	1903	68498.6
18	2275	69307.9
18	500	69765.3
18	142	69781.8
18	8290	70453.5
18	307	70571.8
18	9951	72212.5
18	4365	72402.4
18	116	72762.6
18	2614	72804.4
18	1398	73699.2
18	1889	74499.6
18	2222	74683
18	289	75134.6
18	30	75523.5
18	475	77159.1
18	5620	77211.4
18	2768	77319.1
18	7948	77697.6
18	4552	77819.8
18	384	77973
18	1269	78081.6
18	9085	78186.5
18	4830	78218
18	5945	78424.5
18	528	78874.7
18	267	79216.6
18	1576	79425.4
18	2269	80179.9
18	1421	80983.2
18	2557	81518.4
18	2988	81830.6
18	245	82060.9
18	207	82255.3
18	9164	83041.8
18	1717	83179.2
18	424	83308.3
18	2085	83576.4
18	1048	83586.9
18	3791	83657.6
18	1098	84243.1
18	2993	84546.2
18	5979	84628.2
18	1118	84698.1
18	7603	84710.8
18	4889	84860.7
18	157	84878.9
18	1440	85080.6
18	3039	85588.3
18	3688	85588.3
18	5166	85688.1
18	6528	85982.3
18	356	86114.1
18	7999	86194.8
18	164	86289.8
18	1393	86634
18	2444	86754.8
18	9210	86859.4
18	481	87201
18	4658	87459.2
19	2312	46295.8
19	9806	47157.7
19	9576	48644.3
19	4096	49437.6
19	4007	49480.6
19	107	50640.9
19	9582	50840.1
19	1699	52390.3
19	2176	52563.6
19	3137	53019.8
19	2607	53480.9
19	1916	54582.5
19	4058	55050.3
19	2113	55107
19	3391	55222.5
19	484	55988.9
19	8773	56520.1
19	1310	56882.9
19	126	56972.1
19	9712	57035.9
19	9594	57035.9
19	271	57054.8
19	9805	57127.3
19	9541	57287.5
19	411	57624.4
19	2774	57657
19	3625	57676.6
19	1151	58673.7
19	3752	59526.6
19	9629	59972.4
19	2625	61051.9
19	2245	61067.9
19	4164	61542.7
19	9525	61548.4
19	9937	61766.1
19	145	61832.6
19	2952	62065.4
19	121	62127.3
19	172	63010.3
19	122	63523
19	483	63545.4
19	9778	63653.3
19	3248	63699
19	2934	63886.3
19	1068	64084.3
19	123	64208.2
19	3815	64286.3
19	609	64721.1
19	482	64736.4
19	3350	64849.1
19	2783	65191.1
19	9936	65425.2
19	1615	65521.2
19	144	65603.9
19	2745	65643.5
19	9542	65962.4
19	2474	66065.6
19	1069	66094.8
19	3013	66300.7
19	9842	66342.4
19	504	66364.4
19	3062	66454.8
19	8858	66659.2
19	1599	66664.4
20	7027	32493
20	6076	32621.4
20	4555	35186.8
20	7419	37771.8
20	6757	38014.8
20	9067	40378.7
20	9311	41165
20	7217	41246.2
20	7416	42732.1
20	6689	43673.7
20	3504	43777.9
20	8074	43780.7
20	5557	44737.4
20	7462	44945.8
20	5482	46159.8
20	4689	46502.7
20	9893	47142.5
20	4108	47300.3
20	7931	47915.7
20	7723	48702.9
20	5073	48947.3
20	5568	50203.5
20	6292	50259.4
20	4760	50384.5
20	5990	50888.3
20	8224	51193.8
20	3516	52129.2
20	9799	52628.3
20	9875	52628.3
20	5256	53025.2
20	6617	53554.4
20	4608	54164.8
20	6136	54504.1
20	6752	54532.9
20	6439	54819.2
20	4676	54861.4
20	2612	54924.5
20	8255	56057.3
20	3770	56247.2
20	5045	56483.8
20	6949	56510.7
20	9006	56652
20	5279	56816.5
20	7501	56855.6
20	9945	57838.8
20	6702	57900.1
20	5760	58124.6
20	4225	58168.3
20	6882	58357.7
20	7343	58471.1
20	7077	58666.7
20	4160	58818
20	9840	58926
20	6298	59020.7
20	9889	59183
20	3547	59314.4
20	7876	59348.7
20	9909	59629.2
20	8676	59746.9
20	8151	60044.9
20	7158	60070
20	3721	60437
20	7138	60626.8
20	7757	61086.5
21	4490	25014.4
21	4457	30110.5
21	8047	40108.3
21	5047	43889.2
21	4671	45552.2
21	4915	46740.2
21	4560	47967.9
21	6930	48349.4
21	4770	48517.7
21	5234	48578.1
21	5206	48914.3
21	5387	48935.1
21	4736	48996.1
21	5862	49812.1
21	9473	50146.9
21	9102	50487.4
21	5209	50583.6
21	7858	51967.3
21	4876	52820.4
21	7134	52934.4
21	4738	53554.1
21	9600	53623.7
21	6423	53895.8
21	549	54280.6
21	9383	54407.7
21	9706	55409
21	4712	55447.2
21	4625	55507
21	4716	55507
21	7548	55536.9
21	5510	56105.5
21	8441	56522.7
21	9791	57147.9
21	8645	57586.1
21	5733	58071.8
21	9618	58368.2
21	5879	58505.7
21	2194	59176.8
21	9528	59414.7
21	4741	59539.3
21	4776	59756.7
21	547	59772.1
21	8958	59793.7
21	5651	59997.1
21	732	60105.2
21	4650	60457.2
21	4646	60660.9
21	5025	60819.1
21	5406	60955.2
21	2256	60985.4
21	4793	61197.4
21	1725	61291.4
21	5165	61674.8
21	9420	61721.4
21	4672	61820.3
21	74	61951.4
21	6005	62067.9
21	4728	62096.7
21	4623	62120.4
21	5057	62182.3
21	7050	62254.5
21	8720	62403.7
21	9622	62672.4
21	1902	62687.6
22	4784	34610.8
22	4957	36207.3
22	5408	36342.5
22	5718	40547.8
22	4739	40725.7
22	4679	41335
22	5652	42254.5
22	4586	42927.7
22	5018	43366.8
22	5861	44766.8
22	5555	44927.7
22	4561	44989.7
22	2846	45143.1
22	8216	45214.4
22	5525	45281
22	4647	45828.4
22	206	46031.5
22	4729	46842.5
22	4827	47183.4
22	105	47632.3
22	4640	47702.7
22	5085	48178.3
22	6106	48226.9
22	4777	48666.6
22	118	48723.2
22	9214	49027.1
22	5728	49037.1
22	4709	49435.5
22	4853	50099.9
22	5321	50526.6
22	4483	50985.6
22	5131	51515.9
22	4462	51606.3
22	4854	51675.9
22	550	51798.1
22	4742	52003.6
22	4603	52039.2
22	4726	52060.2
22	7	52517.1
22	4590	52723.9
22	4829	52723.9
22	6489	52849.6
22	4569	52876.5
22	4552	53029.3
22	2827	53870.3
22	5819	53894.2
22	8650	53986.5
22	117	53998.7
22	6490	54053
22	5976	54067.2
22	5406	54112.4
22	1	54512.2
22	6335	54626
22	7264	55054.6
22	7421	55201
22	31	55215.8
22	3368	55309.5
22	4605	55363.2
22	205	55505.2
22	9103	55568.9
22	8721	55574.6
22	9397	55656.8
22	4698	55710.2
22	5260	56003.6
23	7905	56428.1
23	5731	58493.2
23	9804	62325.4
23	4672	63077.5
23	4724	63123.6
23	5288	63410.5
23	8335	63684.2
23	165	64441.7
23	5758	64718.9
23	4883	66231
23	7804	66977.8
23	4715	67456.9
23	5208	67994.8
23	358	69114
23	5293	70068.9
23	246	70270.9
23	6347	70837.1
23	7943	71910.7
23	5775	72054.5
23	6826	72262.8
23	5624	72510.9
23	4473	72988.1
23	5469	73646.1
23	4629	73840.2
23	7548	74232.3
23	7817	74309
23	7123	75253.3
23	7849	75253.3
23	4476	75791.4
23	1342	76121
23	8145	76277.9
23	8518	76543.1
23	112	77005.4
23	6128	77046.8
23	5164	77146.4
23	5055	78087.6
23	57	78201.7
23	4835	78255.8
23	5326	78393.2
23	5091	78393.2
23	9918	79146
23	5747	79188.7
23	4458	79437.7
23	311	79556.2
23	5137	79820.3
23	167	79848.5
23	5424	80111.2
23	4950	80128.8
23	1449	80190.9
23	4933	80398.8
23	5083	80510.9
23	6382	80519.4
23	4631	80798.5
23	2256	80978.3
23	5007	81235.3
23	6505	81557.1
23	4736	81660
23	1011	81677.6
23	5073	81900.8
23	4225	82004.7
23	4987	82040.7
23	4719	82052.2
23	9265	82587.4
23	5831	82671.9
24	4630	27762.5
24	4554	35504.4
24	4623	40229.6
24	6045	44789.5
24	5209	46066.8
24	74	47969.8
24	9792	51693.2
24	4905	51737
24	9103	52953.4
24	6423	53643.5
24	5302	54332.2
24	8913	55134.6
24	453	55653.3
24	652	56074.2
24	1010	56177
24	5567	57592.6
24	9143	57699.2
24	1343	58455.9
24	8664	59050.2
24	9039	59151.4
24	5265	59177.6
24	9464	60053.1
24	8794	60763.7
24	1902	62001.9
24	3478	62510.2
24	4657	63247.1
24	9102	63476.6
24	234	63614.9
24	5960	63909.6
24	2058	64058
24	7007	64071.8
24	5832	65317.9
24	5026	66009.1
24	732	67090.5
24	3661	67142
24	4770	67197.9
24	5733	67537.6
24	8589	67694
24	5057	67903
24	962	68305.8
24	104	68622.8
24	585	69682
24	9420	70280
24	6517	70306.3
24	554	70502.4
24	1601	70507.6
24	58	70531.4
24	2548	70954.2
24	205	71263.6
24	871	71486.7
24	518	71527.1
24	705	71562.1
24	1525	71622.6
24	8230	71676.3
24	474	71688.8
24	7947	71700
24	4560	71726.2
24	7263	72321.5
24	5234	72484.7
24	2836	72512.6
24	7839	72607.8
24	5272	72633.4
24	7117	72773.7
24	4915	72788.1
25	5300	73657.5
25	4886	74312.5
25	6422	74486.1
25	5706	80769.9
25	1232	82216.3
25	2594	82323.7
25	5947	85945
25	268	86202.6
25	774	87266
25	9305	89637.3
25	5006	90021.8
25	6838	90607
25	7642	90666
25	828	90761.9
25	3006	90796.3
25	8500	91087.1
25	153	91093.3
25	8912	91240.2
25	4956	91677.8
25	442	91948.5
25	4783	92099.9
25	5407	92832.6
25	8663	93720.9
25	164	94187.8
25	3011	94724
25	3164	95152.1
25	8972	95318
25	5033	95560.1
25	7511	95756.9
25	5601	95910.3
25	9215	96146.6
25	584	96772.3
25	6338	97171.1
25	1589	97807.2
25	4084	99241.5
25	179	99389.3
25	5529	99732.4
25	4573	100105
25	5404	101615
25	1529	102177
25	972	102482
25	8779	102579
25	4577	102632
25	6261	102730
25	56	102910
25	50	102959
25	245	103265
25	4656	103280
25	88	103547
25	8973	103568
25	3093	103671
25	2856	103683
25	157	103838
25	7630	103947
25	6030	104388
25	4470	104665
25	7720	104996
25	4090	105017
25	4076	105033
25	5112	105106
25	2926	105279
25	4521	105703
25	7938	105885
25	4839	106114
26	6827	39439.4
26	4683	46229.5
26	9899	47234.9
26	4472	52032.1
26	4492	52367.9
26	5406	53955.6
26	8664	55386
26	7549	56013.1
26	8502	56806.5
26	7805	57959.3
26	4461	59555.8
26	5902	59885.8
26	5302	60074.6
26	4650	60645.4
26	1860	61154.5
26	8589	61261.9
26	8189	61451.5
26	8913	61669.6
26	2194	61846.3
26	4630	62032.2
26	4797	62953.7
26	7906	62959
26	5018	63064.6
26	4586	63134.2
26	9560	63220.1
26	1965	63255.4
26	5549	63469.3
26	5089	63890.7
26	9103	64436.7
26	5540	64527.9
26	4554	64827.2
26	8900	64856.2
26	4495	65179.6
26	5085	65253.6
26	5858	65295.4
26	9041	65457.4
26	8039	65463.5
26	2184	65517.7
26	4666	65755.7
26	7263	65803
26	1790	65972.4
26	5652	66388.6
26	5737	66474.2
26	4743	66639.5
26	4827	66894.5
26	6346	67127.4
26	1702	67132.6
26	4657	67282
26	5730	67425.7
26	9985	67475.5
26	4590	67703.1
26	4829	67703.1
26	9546	67709.9
26	5132	67747.3
26	9397	68194.5
26	5596	68234
26	9919	68247.9
26	8336	68265.6
26	5748	68445.9
26	8699	68601.8
26	5205	68777.6
26	5321	68983.1
26	4673	69033.2
26	604	69084.8
27	5963	30854.1
27	5865	34924.1
27	8926	42047.8
27	1671	48505.7
27	5179	48526.5
27	4956	51036.3
27	5407	52168.9
27	4783	52581.3
27	6161	52820.8
27	5736	53415.7
27	5146	53513.9
27	3086	54988.5
27	9230	56452
27	6838	56983.8
27	8912	56984
27	5969	57787.6
27	4839	57962.5
27	5849	58576
27	8172	59522.8
27	1639	59754.4
27	6523	59761
27	9215	59839.3
27	4003	60751.6
27	4656	61030.9
27	2057	61148.6
27	7786	61636.3
27	704	61810.5
27	8663	62254
27	5609	62321.9
27	5251	62325.2
27	4215	62959.6
27	1917	63489.5
27	3766	63580.9
27	8174	64495.9
27	6437	65134.7
27	70	66184.7
27	904	66241.4
27	2609	66467
27	8694	66664
27	5681	66906.6
27	7642	67200.6
27	5100	67807.8
27	1955	67869
27	5601	68408.3
27	2169	68717.3
27	4898	68775.7
27	5120	69195.2
27	8244	69727
27	5448	69966.6
27	5300	70010.8
27	88	70288
27	2926	70615.6
27	6108	70618.4
27	873	70826
27	4715	70942.7
27	1342	70978.3
27	56	71272.5
27	9207	71304.7
27	8051	71396
27	2421	71470.1
27	6330	71645
27	5006	71724.3
27	6131	71753.2
27	1600	71769
28	6827	48237.4
28	8189	53674.9
28	4472	54082
28	7805	58711.6
28	5084	59166.9
28	4650	59744.8
28	4860	59790
28	4576	60633.3
28	5477	61345
28	5406	61814.8
28	5730	62299.8
28	9524	62351.8
28	5879	62449.5
28	7039	63996.6
28	8502	64525.2
28	5541	65428.5
28	9609	66023.9
28	4496	66165.4
28	7134	66338.3
28	5902	66816.6
28	9561	67451.1
28	9985	68160.5
28	5858	68849.6
28	456	69080.9
28	4661	69213.7
28	4701	69395.4
28	4313	69548.8
28	9547	69916.5
28	4461	70003
28	6149	70030.6
28	6783	70585.7
28	9522	71386.1
28	5138	71549.3
28	9600	72041.1
28	5161	72236.5
28	5510	72385.5
28	9546	72489.3
28	4492	72737.6
28	4620	73017
28	5324	73260.4
28	9617	73405.2
28	4495	73515.5
28	333	73539.6
28	4347	73639.9
28	8718	73847.6
28	4736	73959.6
28	5997	74299.8
28	9521	74307.7
28	8664	74407.1
28	7804	74441.9
28	5219	74507.3
28	689	74684.4
28	5514	74724.1
28	7858	74911.9
28	5387	75096.6
28	5047	75382.4
28	4477	75405.3
28	6346	75460.4
28	7572	75516.1
28	4703	75540.7
28	9530	75580.8
28	7490	75804.4
28	7850	75985
28	9084	76195.4
29	5453	25497.7
29	6428	30612.1
29	6487	30839.6
29	5232	33200.4
29	5913	38674.3
29	7766	39294.2
29	6431	39389.1
29	6028	40010.9
29	5216	40084
29	6406	40408.9
29	6162	41361.3
29	6906	42279.2
29	6360	42368.4
29	6805	42598.1
29	6125	43058
29	5199	43227.4
29	5195	43306.2
29	2131	44498.4
29	6048	44547.5
29	7414	44584.2
29	6995	45401
29	6328	45439.6
29	7221	45791.6
29	6745	46708.2
29	5882	48096.9
29	4825	48538.7
29	5992	48977.7
29	5236	49236.2
29	5810	49424.4
29	4911	49648
29	6289	50281
29	5435	50745.8
29	6381	51297.2
29	5338	51390.6
29	6047	51831
29	5173	51980.8
29	7001	52058.9
29	9808	52758.6
29	3923	52818.5
29	5949	52866.7
29	7487	53416.6
29	8125	53638.6
29	3554	53808.2
29	7677	53844.3
29	7206	53887.2
29	5646	53932.9
29	5773	54160.9
29	7694	54246.4
29	3190	54358.3
29	9266	54393.5
29	6594	54621.7
29	5531	55373.1
29	5439	55661
29	5158	56558
29	9938	56672.4
29	9972	57023.3
29	1208	57150.1
29	8637	57200.1
29	5294	57324.1
29	6846	57334.5
29	5360	57454.6
29	9354	57549.2
29	6954	57788.3
29	5488	58211.1
30	8549	62605.6
30	3368	62735.9
30	1020	65474.6
30	5380	69519.5
30	116	70651.9
30	5945	71148.9
30	1649	72103.1
30	5620	72208.5
30	7637	72447.8
30	434	72892.4
30	5207	72986.8
30	4777	73120.3
30	289	73416.2
30	4552	73720.9
30	8851	73736.3
30	5938	74209
30	7948	74723
30	4658	74816.6
30	6263	75415.6
30	8566	75524.8
30	5877	76901.8
30	7309	77390.8
30	553	77986.5
30	5652	78197.8
30	8763	78595.6
30	4729	79992.3
30	8972	80087.6
30	7421	80581.2
30	5117	81323.8
30	2557	82088.6
30	6401	82239.6
30	4647	82343.1
30	4538	82807.4
30	4399	83469.7
30	2594	83553.8
30	6609	83896.9
30	4906	84463.6
30	3507	84646
30	4709	84671.1
30	5205	85210
30	4477	85330.5
30	4505	85613.8
30	8028	85717.5
30	1903	86468.2
30	545	86627.1
30	5899	87345.8
30	5296	87788.1
30	2654	88148.7
30	2268	88356.5
30	4679	88522.4
30	4561	88931.2
30	618	89137.3
30	9257	89413
30	86	89458.6
30	1077	89585.6
30	4393	89592.2
30	77	89593.5
30	5085	89771.4
30	7058	89840.2
30	1526	89868.1
30	5596	89993.6
30	50	90341.6
30	1009	90374.1
30	333	90499.6
31	4995	27769.3
31	5559	27920.3
31	4962	37109.7
31	5330	61274.1
31	4870	65004.2
31	4318	73308.2
31	4077	81341.2
31	1813	88232.1
31	2657	88419.7
31	2459	88595.3
31	1300	89532.6
31	7965	89648.8
31	4153	90430.1
31	8338	91175
31	5405	91596.9
31	7642	92194.9
31	926	92746.1
31	6377	92752.5
31	2323	93005.8
31	3598	94009
31	5013	95061
31	1135	95121.1
31	555	95527.8
31	431	95631
31	879	96113.5
31	6455	96492.7
31	6302	96545.5
31	1690	96787.8
31	3846	97145.4
31	7049	97342.1
31	1569	97477.2
31	4766	98091.2
31	519	98271.1
31	581	98847.8
31	5512	99909.9
31	7154	100104
31	3178	100490
31	8060	100506
31	8391	100778
31	7964	101151
31	3402	101606
31	3889	102380
31	8070	102706
31	1224	103168
31	8590	103300
31	1481	103370
31	7739	103598
31	1641	103651
31	4347	103955
31	1585	104086
31	7528	104137
31	367	104565
31	8392	104661
31	8950	104671
31	8480	104871
31	3150	105187
31	5585	105240
31	4669	105510
31	4149	105976
31	6679	106019
31	1351	106197
31	4951	106659
31	9596	107040
31	2653	107482
32	5300	35404
32	6030	46484.4
32	5407	49300.1
32	6338	52963.2
32	4886	53245.6
32	6508	54034.5
32	4783	54122.9
32	4956	54156.7
32	5033	54670.6
32	2926	55571.4
32	5706	55842
32	6951	58138
32	1232	58170.5
32	153	58881.9
32	7720	60689.8
32	7630	61961.2
32	7023	62127
32	50	62177.4
32	4573	62886.3
32	584	63789.9
32	6261	63881.2
32	8663	64008.9
32	268	65650.4
32	274	66674
32	648	68059.4
32	8912	68784.4
32	5579	68882.9
32	6962	70939.9
32	4839	71967.4
32	4984	72483.6
32	4084	72528
32	774	72784.5
32	4499	73068.7
32	6484	73213.4
32	4656	73379.2
32	8779	73534.3
32	5939	74133
32	6795	75204.5
32	965	76647.7
32	4287	77692.7
32	9955	77840.1
32	8500	78108.9
32	4470	79138.1
32	4553	79141.6
32	7455	80518.4
32	3011	80730.9
32	2594	81098.7
32	7511	81165
32	9286	81411.1
32	5681	81411.9
32	4622	81857
32	9883	83040
32	6922	83088.7
32	7347	83098.5
32	8976	83178.5
32	2377	84413.4
32	855	84502.6
32	783	84825.7
32	900	84947.6
32	2536	85214.4
32	4981	85233.9
32	4712	85511.8
32	8972	85611.2
32	5601	86709.6
33	9055	111206
33	1131	126797
33	7277	127387
33	8293	129827
33	1193	131007
33	3933	133340
33	9592	134141
33	8150	134375
33	9605	135105
33	6807	137270
33	687	138013
33	8530	138133
33	2693	139737
33	2151	140677
33	1341	140688
33	9200	141079
33	3068	141915
33	1328	141949
33	1970	142469
33	3789	142882
33	1607	143648
33	3683	143653
33	2867	144268
33	7356	144276
33	1102	145752
33	7349	146472
33	7273	147188
33	6563	147777
33	3976	148095
33	9640	148326
33	7365	148387
33	1470	148521
33	408	148760
33	5230	149227
33	4375	149817
33	638	149844
33	5739	150272
33	2398	150411
33	669	150840
33	5994	151088
33	1709	151664
33	9125	151783
33	6101	152088
33	7353	152226
33	2879	152270
33	3873	152481
33	6012	152747
33	7952	153060
33	2694	153456
33	6992	154291
33	2807	154461
33	8858	154461
33	8320	154760
33	3363	155046
33	9375	155167
33	488	155357
33	4183	155650
33	1963	155760
33	1475	156253
33	309	156480
33	4610	156570
33	7232	156646
33	2304	156787
33	1070	157126
34	7058	57567.3
34	8468	64838.6
34	4941	68120.4
34	1965	69695.8
34	5902	74389.8
34	3049	75098.7
34	5877	76901.7
34	8862	77907.4
34	2557	78538.9
34	6800	79461.4
34	6346	80379.5
34	4778	81282.1
34	4496	82547.6
34	6236	83109
34	4651	83269.1
34	9899	83848.2
34	3599	83972.8
34	1818	84320.6
34	1561	84622.9
34	545	84704.2
34	5403	84946.4
34	3671	85348.4
34	1336	85846.4
34	5715	85947.1
34	5478	86123.5
34	7549	86878.8
34	2654	87451.6
34	5205	87653.7
34	4583	88833.4
34	1257	89057.5
34	3103	89514.7
34	5748	90121.7
34	9546	90562.8
34	3085	90825.7
34	2620	90841
34	2297	90949.5
34	9719	91515.9
34	5716	91662.7
34	5596	91823.2
34	2229	91853.3
34	9	92053.5
34	2910	92247.5
34	1482	92451.4
34	2998	92508.4
34	956	92820.2
34	5117	92977.6
34	8190	93169.4
34	1908	93180.9
34	6456	93219.1
34	1314	93231
34	1576	93383.1
34	553	93414.3
34	8413	93581.1
34	3050	93720.6
34	5170	93762
34	1466	93811.2
34	4511	93887.9
34	6263	93906
34	2979	93949
34	8003	94426.2
34	1171	94454.1
34	5858	94506.8
34	5519	94550.4
34	5837	94571.7
35	5866	27527.6
35	5841	27864.2
35	6707	41470.5
35	1884	66610.2
35	1255	70177.5
35	2139	70366.5
35	1605	77830.8
35	6093	79521.3
35	8016	79983.6
35	8281	80320.5
35	5641	80807.8
35	8148	81387.3
35	8274	83193.6
35	3230	83368.7
35	5376	85765.1
35	3116	86272.6
35	4300	86576.2
35	9131	86724.4
35	4271	87330.6
35	8670	87348.8
35	3814	87492.2
35	3012	89122
35	1757	89565.8
35	742	91439.5
35	4279	91448.2
35	3529	91959.1
35	8535	93110.6
35	2042	93151.9
35	2320	93624.9
35	2241	95433.9
35	5309	95531.9
35	4199	95986.6
35	3975	96353.7
35	964	96477.9
35	2890	96591
35	8043	97387.6
35	4187	97543.1
35	6650	97649.4
35	3362	97686.1
35	3810	97696.9
35	1788	98184.1
35	8288	98718.8
35	3181	99481.3
35	3291	99510.8
35	2989	99543.5
35	1796	99562.8
35	3142	99692.2
35	723	99740.3
35	586	99874.7
35	8581	99946.7
35	1523	100162
35	7825	100267
35	2906	100338
35	4837	100583
35	6064	100599
35	4412	100941
35	9672	101064
35	2542	101230
35	1602	101760
35	3364	102031
35	3896	102406
35	2388	102675
35	2456	102912
35	3343	103258
36	5842	40705.5
36	5867	42146.8
36	6708	43299.2
36	4314	74580.7
36	4272	74713.2
36	2138	79026.5
36	3365	80607.9
36	3614	80776.8
36	1941	81365.4
36	4356	81502.9
36	2755	82575.8
36	2116	83421.5
36	6450	84693.5
36	2607	85648
36	8366	86264
36	535	87187
36	8534	87288.7
36	2822	87310.7
36	8954	88368.9
36	8887	88634.6
36	6934	88641.7
36	3954	88898.4
36	2038	89105.9
36	4413	89154.8
36	8289	90629.4
36	754	90724.9
36	3974	90937.4
36	3854	90995.4
36	3530	91614.5
36	2624	91626.1
36	8700	91670.3
36	2881	92089.2
36	4378	92339.9
36	8570	92912.5
36	1239	92977.5
36	1963	93239.1
36	1916	93345.3
36	4220	93402.8
36	2182	93411.2
36	9373	93432.1
36	288	93804.1
36	3812	94799.1
36	5377	94818.9
36	2639	94921.6
36	9911	95081.4
36	1095	95572.7
36	2039	95687.7
36	9927	95821.3
36	9999	95831.2
36	3714	95982.5
36	3949	95989.5
36	8484	96145.9
36	3271	96177.3
36	1151	96234.9
36	9175	96576.1
36	2471	96744.4
36	3391	96776.6
36	1948	96923.4
36	2744	97029
36	1254	97240.9
36	4375	97273.5
36	3013	97497.2
36	1068	97969.4
36	4164	98086
37	5184	32414.6
37	4997	59854.7
37	8144	70995.1
37	7936	74954.3
37	6465	77055
37	7536	80591.7
37	3314	84645.8
37	7895	85484.3
37	3271	85644.7
37	8211	85802.4
37	2841	85861.1
37	8278	87582.6
37	7707	89832.4
37	7062	90199
37	2088	90305.4
37	7213	92694.8
37	1843	92859.5
37	568	96244.9
37	8024	97522
37	6178	97858.3
37	3004	97888.2
37	1283	98094.5
37	2395	99221.5
37	5203	99511.5
37	8133	99676.2
37	9227	100319
37	6061	101527
37	8525	102547
37	4292	102978
37	3809	103990
37	5080	104075
37	8537	104282
37	6469	105614
37	9737	105927
37	1597	106455
37	6358	106819
37	6198	106846
37	7319	107611
37	3173	108164
37	3488	108687
37	2214	108877
37	7073	109007
37	795	109232
37	2800	109303
37	3196	110624
37	3614	111216
37	4426	111259
37	1941	111446
37	7173	111640
37	3229	111827
37	9346	112607
37	7670	112904
37	7635	113041
37	5812	113231
37	2515	113343
37	8446	113444
37	6587	113911
37	4272	114426
37	5972	114866
37	8366	115249
37	4068	115306
37	2962	115890
37	4356	115945
37	2516	116369
38	6187	36181.9
38	5500	36227.5
38	5177	39617.5
38	5023	41738.7
38	5341	52444.1
38	2519	64344.6
38	3563	71207.4
38	2331	75827
38	220	76015.9
38	5522	76968.6
38	4918	77415.4
38	1320	77771.7
38	8071	80389.2
38	752	80575.9
38	956	81089.1
38	6303	84120
38	3565	84625.5
38	241	85189.2
38	236	89650.7
38	3524	89886.9
38	9184	91310.8
38	9718	92131.4
38	5101	92579.9
38	4113	93639.6
38	6584	94136.7
38	8169	95272.5
38	2779	95837
38	7966	96216.2
38	1858	97172.5
38	1054	97518
38	7641	98708.7
38	3672	99810.3
38	5170	100550
38	7490	101120
38	5062	101238
38	5077	101424
38	1568	101770
38	7039	102507
38	5221	103272
38	5716	103600
38	1059	104084
38	3569	104510
38	6371	105136
38	8591	105254
38	1372	105478
38	8801	106016
38	6424	106699
38	5064	106863
38	7350	106882
38	8927	106937
38	9616	107151
38	3226	108252
38	831	108764
38	7593	109078
38	2999	109223
38	5643	109947
38	5533	110027
38	7457	110223
38	2622	110886
38	7798	111281
38	432	111664
38	9688	111823
38	7236	111824
38	1213	112512
39	4677	35720.2
39	7932	39684
39	9841	40904.3
39	7002	41844.1
39	4575	41923.7
39	4224	42462.1
39	9155	42627.8
39	4692	42722.1
39	3767	43413.8
39	682	43974.9
39	7463	44821.8
39	7218	44821.8
39	2891	46198.5
39	9890	46834
39	9721	46933.7
39	5074	47204.1
39	6440	48404.9
39	6984	48754.2
39	4761	48859.4
39	9960	49253.7
39	4734	49536.2
39	9997	49700.7
39	9466	50337.9
39	6823	50515.3
39	3503	50987.1
39	9894	51143.2
39	2386	51254.1
39	7028	51254.5
39	4565	51512
39	4865	51522.3
39	5745	51546.3
39	6732	51777.9
39	9868	51816.3
39	6883	51945.5
39	5310	51946.9
39	4690	52107
39	9854	52200.6
39	6503	52468
39	7041	53113.7
39	5925	53218.3
39	2713	53427.6
39	4813	53454.1
39	5200	53529.1
39	6781	53534.9
39	9800	53835.6
39	9876	53835.6
39	5362	54079.7
39	9910	54081.4
39	6756	54374.3
39	8052	54478.4
39	8963	55292.5
39	4850	55419
39	4819	55501.6
39	6409	56130.3
39	5556	56479.5
39	9809	56679.2
39	2266	57705.1
39	5167	57723.9
39	2027	57745.4
39	5712	58663.8
39	5863	58788.4
39	4609	59258.1
39	4107	59284.9
39	5327	59531.3
40	8307	38563.5
40	5214	43976.9
40	4867	50664.2
40	4773	51486.9
40	3206	60178.4
40	5163	63537.3
40	8506	66707
40	9796	69409.2
40	8310	71243.2
40	1745	73614.6
40	1471	73899.8
40	4388	73994.2
40	2221	74871.2
40	4812	75056.7
40	1420	75568.3
40	962	75975.8
40	3790	76814.9
40	890	77332.5
40	7024	78192.5
40	7417	79339.2
40	480	79930
40	6975	80548.7
40	6641	80855.2
40	3451	80935.5
40	6736	82248.1
40	6510	85097.8
40	5272	85551.4
40	2206	85901.9
40	8409	86312.7
40	4043	86482.7
40	1399	86717.8
40	3334	87046.5
40	4614	87251
40	2374	87666.8
40	6821	87929.8
40	2210	88511.7
40	3306	88569
40	4711	89091.8
40	5417	89496.2
40	2076	89497.5
40	5063	89587.3
40	9884	89818.1
40	4892	90050.9
40	2931	90109.8
40	8170	90201.5
40	5243	90899
40	7783	91116.8
40	5988	91451.6
40	8551	91544.2
40	2726	91654.3
40	3816	91750.4
40	2431	91982.4
40	2520	92144.5
40	6297	92155.4
40	6320	92255.8
40	5594	92358.6
40	7448	92430.1
40	3661	92552.8
40	3274	92828.7
40	6412	93270.4
40	7947	93495.7
40	74	93554.2
40	256	93649.4
40	3337	93820
41	7391	42653.9
41	6614	42769.2
41	560	45739.5
41	440	46146.6
41	7704	46283.2
41	1381	47120.7
41	5392	47560.8
41	859	48216.2
41	9262	48769.3
41	9169	48894.2
41	6667	48952.9
41	8483	49273.7
41	4771	49390.7
41	4643	49412.7
41	7538	49545.6
41	8306	49949.3
41	4564	49987
41	7394	50477.4
41	7957	50764.6
41	6519	51174.2
41	6997	51941.3
41	6333	52020.4
41	9957	52858.5
41	1535	53023.3
41	9454	53248.4
41	6183	53277.1
41	6522	53641.3
41	68	53743.6
41	8116	53744.3
41	9472	53825.2
41	6819	53931
41	4376	54044.5
41	6719	54140.1
41	2218	54739.2
41	49	54836.1
41	99	55155.9
41	9980	55230.8
41	6213	55450.8
41	6637	55658.8
41	7067	55781.7
41	6797	55874.9
41	6645	56105
41	7177	56106.9
41	7814	56400.2
41	7633	56463.7
41	8241	56488.2
41	9976	56578.6
41	8870	56822.5
41	7983	57042
41	5066	57243.5
41	7284	57371.9
41	5489	57637.3
41	8107	57651.3
41	6159	57662.6
41	7243	57704.6
41	6283	57817.7
41	9344	57842.7
41	6676	57904.5
41	6678	58025.4
41	6686	58435.4
41	6281	58575.8
41	2722	58685.1
41	7942	58693.2
41	6460	58914.4
42	5224	59323.6
42	8105	61777.7
42	320	62974.5
42	4390	67500.8
42	416	68428.7
42	7135	68649.5
42	3911	69138.1
42	2460	69819.6
42	4315	70031.6
42	6867	71059
42	1464	71240.1
42	1495	71912.6
42	5204	73762.6
42	6747	74578.4
42	1365	75372.8
42	385	75708.2
42	5570	76620.1
42	4193	76844.4
42	7126	77736.4
42	8137	77983.1
42	9920	78394.1
42	1717	79539.3
42	8662	79684.2
42	5586	79820.7
42	58	80232.6
42	9863	81797.8
42	7637	83004.6
42	3764	83132.4
42	3518	83237.6
42	5421	84343
42	4668	84706.3
42	2999	84776.6
42	1914	84917
42	1994	85225.8
42	7679	85332.7
42	5553	85698.8
42	3823	86133.8
42	8465	86158.9
42	4905	86530.5
42	5980	86613.5
42	3033	86917.7
42	8852	86956.2
42	2257	87368.2
42	9768	87861.1
42	7664	87883.3
42	3358	87999.4
42	933	88142.1
42	4338	88214.7
42	4083	88247.7
42	9103	88908.7
42	7477	89681.8
42	5643	89871.2
42	8097	89894.9
42	5296	90126.8
42	365	90140
42	9974	90449.2
42	3791	90519
42	9384	90609.2
42	5960	90623.3
42	4810	90818
42	2094	90871.2
42	79	91125.2
42	2725	91216.3
42	557	91272.8
43	6302	53338.7
43	5144	55944.4
43	6933	75940.9
43	6416	75940.9
43	5029	76531.6
43	9700	78537.5
43	6801	81532.5
43	1260	81914.6
43	7965	83208.8
43	3467	83310.5
43	5176	83630.5
43	2660	84744
43	5219	84981.7
43	6455	85522.7
43	7049	85572.4
43	5512	85788.5
43	5858	85867.9
43	4978	87226.2
43	8679	87721.8
43	6679	88039
43	2316	88518
43	1919	88559
43	927	88621.1
43	5587	88816.1
43	8078	89464.2
43	765	89524.4
43	6149	89546.1
43	2326	89698.7
43	3310	89888
43	1907	90250.1
43	3070	90307.5
43	8480	90818.5
43	7182	90856.6
43	4650	91051.6
43	1692	91569.3
43	9919	91712.7
43	2803	91733.3
43	879	91844.2
43	8338	91856.2
43	1160	92020.7
43	8158	92457.2
43	8391	92549
43	2657	92613.3
43	2323	92724.1
43	9596	92958.4
43	1024	92995.1
43	5803	93006.4
43	4495	93309.1
43	6128	94034.1
43	1008	94064
43	5627	94164.5
43	2653	94177.8
43	5534	94241.2
43	5872	94311.6
43	3192	94438.6
43	8308	94588.8
43	1588	94772.9
43	5709	94834.7
43	203	95067.5
43	2912	95072.8
43	2223	95126.8
43	1813	95237.2
43	7443	95502.4
43	7642	95520
44	322	64479.3
44	9652	72126.2
44	5428	72188.8
44	6613	72524.9
44	448	72747.1
44	468	73190.8
44	9685	73344.8
44	6518	75877.3
44	4759	76233.1
44	6212	76457.7
44	8615	76933.7
44	264	77360
44	5930	77894.7
44	6336	78433.8
44	9752	78930.4
44	8947	79021.2
44	4824	79422.2
44	5358	80612.5
44	1996	82597.4
44	5497	82673.3
44	8220	82686.4
44	329	82900.9
44	2187	83481.3
44	5148	83526
44	844	83576
44	6157	83762
44	8521	83940.2
44	5516	84580
44	2769	84645.6
44	6666	84817.9
44	5355	84895
44	2773	85197.8
44	9643	85261.9
44	7249	85327.4
44	7891	85600
44	363	85818.7
44	6569	87303.9
44	9378	87491.1
44	7340	87751.3
44	5695	87963.7
44	2721	88569.4
44	2964	88812
44	8715	88897.3
44	8117	89624.5
44	7341	89752.8
44	6420	90179.6
44	4966	90787.3
44	601	90950.1
44	5391	91176.6
44	1506	91282.1
44	8809	91336.9
44	4894	91597.2
44	5764	91771.3
44	915	92608.7
44	9873	92758.7
44	4230	92879.7
44	5498	92991.1
44	6982	93163.3
44	6457	93200.3
44	5975	93374.4
44	94	93528.5
44	8064	93616.6
44	4252	93808.5
44	2749	94413
45	5560	65745.2
45	8712	66905.2
45	6754	67347.5
45	8979	67836.1
45	4460	68770.1
45	6085	70801.7
45	1277	70896.9
45	7909	72290.8
45	4706	72639.3
45	2640	73550.8
45	5076	73579.8
45	8338	74499.7
45	4996	74733.3
45	3571	75009.6
45	5955	75307.9
45	6302	76208.2
45	5010	76572.7
45	2047	78160.6
45	5325	78188.8
45	1321	78250.2
45	5515	78639.2
45	6013	78737.1
45	4963	78899.2
45	5713	79125.9
45	2914	79171.9
45	6270	79661.2
45	5625	79913.3
45	7885	80015.8
45	749	80734.9
45	6128	81237.2
45	7876	81514.1
45	9921	81945
45	4464	81993
45	3980	82367.9
45	5884	82668.7
45	4871	82671.3
45	751	82719.3
45	2688	82946.5
45	6455	83278.1
45	8580	83350.4
45	9623	83748.1
45	5282	83936.9
45	8382	84044.3
45	4856	84435.5
45	1195	85025.5
45	6089	85384.1
45	7049	85454.2
45	7022	85633.6
45	8557	86099.2
45	2230	86124.1
45	3167	86162.8
45	6679	86293.9
45	5331	86307.6
45	7501	86770.1
45	1766	86817.6
45	9918	87127.1
45	3554	87166.4
45	3402	87450.1
45	5501	87462.2
45	8764	87473.4
45	8539	87489.8
45	5629	87743.8
45	4849	87804.8
45	1696	88090.1
46	5880	27882.8
46	9000	47712.5
46	8606	48562.1
46	1389	52676.7
46	8259	53841.6
46	8997	55085.7
46	8218	55490.4
46	9669	55558.2
46	9160	56845.6
46	8692	60564.2
46	6495	61031.1
46	5346	61730.9
46	5698	63370.9
46	5766	64878.8
46	7109	66388.2
46	2804	67355.8
46	6964	68165.9
46	9043	68302.6
46	6774	68366
46	7851	69806.5
46	8488	70110.8
46	5900	71469.6
46	7324	72212.8
46	6900	72997.8
46	8433	73543.3
46	6861	73610
46	3081	73724.2
46	8349	74694.9
46	7102	74704
46	6126	75100.7
46	9226	75245.1
46	6671	75381.1
46	3742	75411.3
46	6648	75520.5
46	6512	75869.1
46	6296	77281.4
46	6692	77744.6
46	8510	77890.7
46	5857	77929.2
46	7366	77938.6
46	1235	78098.5
46	6828	78569.9
46	9452	79378.6
46	8600	79601.2
46	3448	79818.7
46	5742	80079.4
46	7902	80534.2
46	6284	81178.2
46	7691	81234.3
46	4379	81261.9
46	7064	81549.6
46	9801	82148.8
46	3521	84011
46	7685	84515.6
46	7097	84637.5
46	8708	85213.4
46	6482	85737
46	7189	85784
46	9249	86219.7
46	8807	86595.6
46	817	86798.9
46	3901	87014.8
46	2730	87194.1
46	8447	87245.6
47	5641	86755.6
47	1884	97106.3
47	6707	102089
47	3948	103410
47	2890	108633
47	2087	108704
47	8274	108769
47	4295	110499
47	3717	110959
47	3904	111953
47	3116	113254
47	3179	114057
47	6912	114146
47	3292	114526
47	3009	114526
47	4838	115005
47	3880	115227
47	4444	116403
47	5841	116442
47	1255	117929
47	1463	118313
47	9131	119278
47	8016	119577
47	1199	119729
47	4242	120669
47	9738	120903
47	3975	121174
47	1869	121840
47	3814	121918
47	2529	123208
47	5443	123619
47	1846	123811
47	2514	123931
47	4271	124224
47	402	124402
47	660	124459
47	2953	124585
47	3181	124610
47	3613	124701
47	3968	124851
47	1757	125052
47	2191	125085
47	3331	125110
47	3934	125377
47	5866	125583
47	8281	126039
47	723	126449
47	7016	126533
47	5312	126736
47	3910	126994
47	3794	127211
47	1049	127311
47	4529	127370
47	964	127715
47	742	127853
47	8249	127879
47	2240	128482
47	2273	128630
47	4373	128923
47	6530	128943
47	6947	128943
47	1163	129130
47	8148	129408
47	6093	129534
48	5213	50546.3
48	5750	56247.3
48	5437	72018.1
48	5228	80259.9
48	6578	84678.9
48	3270	85057.2
48	512	85557.6
48	5772	87721.1
48	1579	88609.7
48	1081	90905.5
48	5696	91268.9
48	8504	91453.4
48	6250	93497.4
48	3140	94697.7
48	4440	94853.8
48	1371	97686
48	976	97775.9
48	8561	98407.2
48	5524	98988.1
48	1741	99794.3
48	2338	100319
48	1637	101394
48	2983	104237
48	5250	105068
48	6134	106421
48	7706	106461
48	6634	106794
48	7385	108685
48	404	110338
48	1197	110406
48	737	111778
48	8328	112433
48	7648	112675
48	4688	112848
48	5832	113073
48	1338	113457
48	9432	113882
48	5556	114319
48	4664	114691
48	8187	114741
48	2903	116230
48	7853	116340
48	918	116425
48	5078	116675
48	8444	117162
48	7689	117332
48	4831	117571
48	3747	117722
48	3584	117731
48	4836	118477
48	3875	118697
48	6234	118961
48	291	119063
48	2141	119261
48	2188	119376
48	6891	119964
48	6176	120217
48	6562	120440
48	5916	120581
48	6520	120583
48	5451	121223
48	7467	121934
48	2428	122091
48	6142	122522
49	5084	32977.8
49	168	41603.6
49	5138	42302.9
49	113	46574.6
49	3010	50094.3
49	105	52732
49	7309	52901.5
49	8444	53852.6
49	54	54459.4
49	6400	55580.4
49	4673	56091.8
49	5596	56202.9
49	4742	56485.7
49	31	57441.6
49	6827	57590.4
49	359	58077.8
49	5165	58395.3
49	5905	59434.8
49	5759	59994.8
49	4827	60349.5
49	4477	61371.2
49	4743	61437.8
49	607	61762.4
49	1357	61887.6
49	3546	62411.7
49	9143	62676.3
49	5205	62842.5
49	5902	63076.2
49	9609	63435.2
49	550	63438.5
49	7589	63447.3
49	554	63766.5
49	689	64313.6
49	1859	64566.7
49	2511	64847.8
49	5357	65008.9
49	8589	65400.7
49	5047	65724.5
49	5541	65917.3
49	9397	66505.1
49	8650	66831.3
49	4821	67134.8
49	6527	67695.7
49	5131	67976.4
49	5910	68034.8
49	5652	68281.5
49	9560	68563.4
49	4560	68635.3
49	3978	68765.8
49	333	69054.7
49	8146	69069.4
49	5406	69375.9
49	4480	69581.1
49	7549	69660.2
49	4794	69814.3
49	4508	69814.3
49	5379	69842.6
49	5388	69900.6
49	5057	69986.5
49	7421	70416.1
49	4457	70567.8
49	4660	70607.8
49	7124	70609.3
49	4548	70637.2
50	5653	54638.3
50	5012	57248.1
50	6627	68391.5
50	5110	73678
50	7994	76284.8
50	8338	79712.5
50	3846	81259
50	4995	83462.8
50	8060	83976.2
50	5559	84088.5
50	8557	84611.9
50	1300	89289.9
50	4870	90684.7
50	5330	90807.7
50	8034	92942.3
50	4962	95718.3
50	8339	95855.4
50	581	95967.5
50	6302	96435.8
50	3208	98936.8
50	8861	99866.3
50	7049	99976.5
50	1569	100478
50	4311	100738
50	5325	101869
50	2067	102165
50	6062	103185
50	3031	103592
50	6377	104597
50	4133	106426
50	431	106534
50	588	106721
50	2865	107154
50	3484	108009
50	7154	108383
50	9324	108939
50	657	109132
50	4273	109504
50	3708	110229
50	5512	110670
50	3178	111258
50	5404	111446
50	5803	111529
50	5405	111762
50	3690	112218
50	4871	112317
50	2803	112964
50	5515	113049
50	1586	113158
50	3212	113169
50	5331	113250
50	8252	113801
50	6455	113943
50	9328	114076
50	6237	114416
50	7145	114842
50	3323	115242
50	5149	115675
50	6478	115943
50	2215	115956
50	4153	116236
50	5013	116564
50	4996	116933
50	4317	117156
51	6123	36888.5
51	7418	50544.7
51	6192	52559.8
51	6343	53994.9
51	2591	55448.9
51	1875	61501.7
51	9997	67204
51	9960	67281.9
51	2611	67797.2
51	8395	68040.3
51	6503	68548.5
51	5827	70207.5
51	9868	70342.8
51	8111	70642.1
51	7932	70849.8
51	3819	71415.8
51	6703	71424.8
51	3503	72115.9
51	5464	72565.6
51	7004	74145.4
51	9841	74370.6
51	7758	74502.1
51	6960	74521.6
51	5072	74958.3
51	6950	75559.4
51	7082	75914.2
51	8527	76589.4
51	9058	77300.4
51	8040	77520.9
51	4107	78080.4
51	4232	78143.8
51	7218	78359
51	7463	78359
51	4677	78517.1
51	5528	78713.9
51	5310	79195.1
51	9913	79264.8
51	8825	79278.5
51	7870	80223.8
51	4910	80595.8
51	3020	80734.7
51	3802	81324.2
51	4761	81687.6
51	9483	82020.8
51	5053	82493.8
51	8075	82683
51	7159	83024.3
51	6812	83035.5
51	3607	83183.6
51	3771	83360.7
51	8132	83398.9
51	1945	83479.7
51	2334	83630.5
51	7484	84078
51	6695	84085.4
51	3517	84206
51	6103	84502.5
51	9314	84507.5
51	6980	85060.3
51	7078	85085.1
51	6785	85427.3
51	5159	85603.6
51	7877	85617.6
51	373	85831
52	8480	33067.6
52	5673	41394.1
52	6455	44178.9
52	3212	47369.9
52	6478	48515.1
52	7145	49243.2
52	57	50151
52	5997	51197.1
52	536	52198.7
52	4357	52351.7
52	1224	54547
52	1825	54618.3
52	2912	55053
52	6679	55087.5
52	963	55409.7
52	6005	57201
52	2256	57802.1
52	2385	58057.9
52	1449	58098.9
52	7548	58222.6
52	5288	58224.7
52	1002	58485.9
52	1478	58572.6
52	8695	59406.6
52	8175	59406.6
52	5512	59554.4
52	7858	59613.2
52	5566	59613.6
52	4951	59664.4
52	809	59701.2
52	6557	59929.8
52	2481	60654.7
52	6778	60825.6
52	9950	60966.4
52	2914	61190.6
52	1342	61417.9
52	6564	61684.9
52	2210	62081.1
52	4510	62166.3
52	1011	62339.6
52	9528	62575.8
52	4860	63212.8
52	7517	63564.1
52	7166	63707.4
52	4650	64108.5
52	8391	64308.1
52	653	64916.7
52	1089	64941.9
52	8173	65066.8
52	9061	65140.7
52	4133	65586.2
52	6505	65614.4
52	7134	66060.1
52	4672	66072.4
52	4671	66108.1
52	1144	66136.4
52	5215	66279.4
52	2916	66877.9
52	927	66967.7
52	8890	67144.4
52	2714	67414.3
52	1288	67581
52	1890	67784.3
52	9618	68244
53	8612	50687.9
53	2640	54831.2
53	1321	59478.5
53	6302	61194.5
53	5997	62891.3
53	6679	63464.3
53	5120	65052.4
53	8539	66023.7
53	9918	67767.9
53	6478	68480.6
53	8382	68642.4
53	7909	68889.4
53	7965	68994.7
53	4711	69545.8
53	6128	70581.8
53	6455	70907.9
53	5560	71680.5
53	6754	71822.1
53	6089	72329.9
53	4706	72385.9
53	3212	72522
53	4806	72534.3
53	3402	72874.4
53	9269	72941.7
53	5045	73625.5
53	6765	74114
53	1825	74122
53	5878	74388.5
53	5729	74495.7
53	4951	74628.1
53	221	74781.4
53	633	74866.7
53	9061	75131.3
53	6020	75645.8
53	2230	75748.6
53	7049	75835.2
53	1277	75983
53	7145	76038.4
53	8480	76077.2
53	7443	76098.5
53	6085	76787
53	751	76864.4
53	5872	77104.9
53	5713	77202.1
53	4963	77262.8
53	7876	77772.6
53	8176	77825
53	3980	77927.8
53	7501	78230.6
53	1224	78278.6
53	1208	78606.8
53	6379	78613.8
53	2914	78650.3
53	92	78702.7
53	5955	78837.9
53	4849	79036.4
53	5642	79753.3
53	4555	79922
53	6874	80174.3
53	4994	80393.9
53	4510	80490.6
53	7154	80854.7
53	2466	80922.3
53	5904	81100.6
54	6709	30191.8
54	6983	30318.5
54	7824	30713.8
54	6167	31248.6
54	6676	31924.5
54	7177	32274.9
54	6458	32679.6
54	4798	32831.6
54	6158	33053.5
54	6688	33615.8
54	8306	33704.9
54	6678	33772
54	7284	34275.8
54	6283	34401.6
54	2337	34949
54	4643	35206.3
54	1906	35460.9
54	5551	35469
54	5400	35494.7
54	7394	35544.3
54	6645	35604.5
54	6460	36142
54	4895	36255.2
54	5268	36325.2
54	4814	36675.1
54	560	37117.2
54	4919	37581.2
54	6719	37603.7
54	5066	37651.9
54	9887	37669.4
54	8740	37700.1
54	4745	38052.3
54	6183	38162.5
54	7339	38418.5
54	7596	38485.2
54	6797	39269.7
54	6522	39271.4
54	5923	39419.7
54	8116	39578.9
54	9976	39693.7
54	6159	39962
54	6819	40077.4
54	440	40308.9
54	5765	40342.8
54	6375	41100.4
54	5093	41247.9
54	7067	41498.5
54	8014	41537.6
54	6997	41941.1
54	4564	42022.3
54	9285	42022.5
54	8483	42061.4
54	7633	42439.2
54	7243	42451.7
54	6686	42514.2
54	7848	42612.1
54	6978	42869.6
54	5564	42935.3
54	6541	43110.8
54	7934	43138.2
54	6611	43203.4
54	8107	43489.1
54	859	43871.4
54	4771	43900.1
55	5830	35768.4
55	5115	51816.1
55	5951	53207.7
55	5987	53691.9
55	8603	53712.4
55	6591	54226.6
55	5059	55117.4
55	9784	56046.7
55	5499	56475.2
55	6004	56626.1
55	5999	58006.5
55	7281	59862.2
55	8085	62258.2
55	9980	63417.4
55	6069	63987.9
55	7228	64071.1
55	8966	65848
55	5035	66376.8
55	6614	66438.7
55	7226	66817.3
55	8437	67127.5
55	9710	67515
55	6291	67877.6
55	946	67904.5
55	6667	68176.8
55	8925	68569.6
55	7306	69648.6
55	6519	69921.9
55	2747	70683
55	7507	71335.8
55	6213	72019.5
55	5966	72958.3
55	2491	73077.3
55	9857	73516.7
55	7389	73709.6
55	4141	73868.2
55	9118	74230.4
55	6961	74587.4
55	7560	74886.8
55	6196	74894.8
55	8360	74918.1
55	7552	75372.1
55	6637	75793.2
55	9749	76057.7
55	9193	76355.1
55	5517	76383.7
55	7704	76626.1
55	9957	77274.8
55	5765	77690.1
55	7702	78215.8
55	2218	78479.5
55	6252	78550.6
55	6357	78559.8
55	5584	78577.8
55	2922	78908.1
55	1381	78927.4
55	8870	79218.2
55	8247	80186.8
55	5974	80551.2
55	6626	80636.4
55	7150	81057.7
55	7872	81180.8
55	4159	81233.6
55	5735	81597.5
56	7308	40545.6
56	5978	41612.1
56	4678	43123.8
56	4903	44801.1
56	7641	45211.3
56	5431	45826
56	4484	47764.9
56	7007	48125.5
56	9096	48195.9
56	5046	48739
56	4925	48756.4
56	9332	49178.7
56	4730	49437.6
56	3467	49756.1
56	5018	49795.7
56	9884	49875.6
56	4463	50261.4
56	5976	50327.3
56	7050	50589.9
56	5162	51083.9
56	7144	51107.9
56	1524	51121.8
56	4710	51215.1
56	6489	51340.8
56	7572	52191.4
56	9457	52247.6
56	8215	52767.2
56	5319	52806.3
56	9333	52889.6
56	4592	52940
56	5720	52969.5
56	4604	53426.3
56	4586	53454
56	1122	53832.6
56	4645	53868.6
56	5086	53900.3
56	5730	54071.9
56	4820	54175.2
56	5186	54315.9
56	5555	54384
56	331	54785.8
56	7059	54961.1
56	4855	55105.7
56	4775	55174.1
56	104	55203.5
56	620	55329.3
56	5782	55397
56	205	55408.6
56	4739	55411.3
56	3045	55563.5
56	2084	55851.5
56	4680	55894.7
56	5137	56089.7
56	5554	56319.3
56	6353	56386.6
56	2916	56853.5
56	4714	56885.6
56	4569	56960.6
56	4561	56994.2
56	7839	57067.6
56	2551	57265.2
56	4591	57358.1
56	6517	57592.9
56	5406	57800.6
57	5211	39220.6
57	5284	45477.2
57	2042	51259.2
57	5637	54660.7
57	7374	55119.3
57	1788	56589.6
57	8809	57154.6
57	3249	59422.9
57	822	59658.4
57	9922	60322.1
57	2839	60409.2
57	270	60869.1
57	3266	61182.2
57	9914	61224.3
57	2068	61310.3
57	9778	62329.6
57	1896	62336
57	133	62643.2
57	5569	63467.7
57	448	63635.5
57	1626	64569.3
57	9372	65468.3
57	2964	66542.3
57	3065	66579.8
57	328	66678.6
57	9900	67074
57	9525	67096.8
57	4171	67467.1
57	1448	67607.9
57	9897	68061
57	3392	68786.2
57	9442	68863.1
57	1856	68959.1
57	3302	69050.3
57	8773	69357
57	106	69426.1
57	9885	69575.7
57	1841	69692.4
57	2727	70236
57	2329	70671.7
57	4023	70694.3
57	1069	70708.5
57	435	70712.6
57	3751	71343.6
57	2150	71427.8
57	2159	71438.2
57	8213	71495.7
57	2677	71702.5
57	3298	71854.9
57	4096	72003.2
57	2945	72322.5
57	3687	72580.6
57	3928	72617.8
57	3180	72697.8
57	8946	72963.9
57	815	73065.3
57	3307	73263.5
57	526	73344.5
57	3355	74116.4
57	756	74148.5
57	3699	74256.1
57	8665	74289
57	806	74361.6
57	1101	74503.8
58	7237	17458.2
58	7024	73260.1
58	8551	83663.9
58	9958	93428.2
58	6784	93945.8
58	7700	95953.5
58	7287	99453.7
58	6090	99638.5
58	7653	101106
58	7681	102607
58	33	103294
58	4867	104469
58	4713	104596
58	5214	106097
58	1864	107247
58	8654	107894
58	4614	108095
58	1420	110772
58	3804	110878
58	2854	111094
58	3451	111281
58	905	111810
58	1298	111844
58	8348	112121
58	8110	112437
58	7354	112879
58	1721	112966
58	7502	113168
58	4045	113558
58	6353	113663
58	3290	114734
58	2092	114734
58	2221	114736
58	4961	115194
58	5267	115308
58	2597	116030
58	2011	116372
58	4711	116587
58	8568	116629
58	4043	117042
58	7939	117387
58	2726	117565
58	9336	118202
58	4929	118596
58	2540	119381
58	4545	119545
58	580	119747
58	7783	119861
58	9628	119989
58	950	120017
58	890	120378
58	4687	121742
58	4852	122011
58	4004	122219
58	1567	122475
58	7772	122552
58	852	122612
58	4973	123136
58	4733	123184
58	3827	123214
58	9884	123326
58	958	123585
58	2210	123595
58	4388	123673
59	6316	16935.3
59	6612	19007.5
59	6834	19239.5
59	6376	25225
59	6207	26831.6
59	7171	28037.2
59	6798	34813.7
59	2336	34989.8
59	6677	35872.7
59	6646	36053.2
59	6720	36381.2
59	6160	36531.7
59	7178	36677.9
59	6692	36691.4
59	7283	37151.1
59	6648	37612.4
59	6482	38119.4
59	6282	39618.6
59	6166	40086.4
59	6820	40220
59	8486	40237.4
59	4799	40362.6
59	559	40951.8
59	9834	41394.3
59	6982	41405.8
59	7634	41491.3
59	4894	42021.3
59	8674	42393.1
59	6457	42860.8
59	7489	43272.2
59	8069	43272.2
59	4815	43509
59	4920	43509
59	9888	44896
59	858	45550
59	5671	46004.8
59	5065	46513.8
59	3109	46806.5
59	439	46956.9
59	5049	47221.8
59	6970	47225.8
59	6111	47279.7
59	98	47513.8
59	8305	47799.6
59	7556	48077.2
59	6998	48311.2
59	5399	48744.6
59	9977	48854.6
59	7076	49049.6
59	6070	49404.7
59	7791	49515.2
59	6296	49615.8
59	5900	50768.8
59	7265	51342.6
59	7546	51512.1
59	7823	51598.6
59	5967	51721.2
59	6459	52398.7
59	1235	52554.5
59	4772	52637.3
59	9471	52671.4
59	7685	53253.7
59	6710	54100.7
59	6675	54131.9
60	5278	55232.1
60	4472	62070
60	6930	67033
60	7308	74083.1
60	4490	74594.7
60	5387	75050.6
60	9919	76863.1
60	1008	78201.4
60	4576	78315.5
60	4457	78930.7
60	620	78974.1
60	4650	79817.6
60	8720	81101.6
60	2658	81188.7
60	8104	81652.9
60	5047	82793.1
60	3483	83459.6
60	9524	83587.5
60	1122	83732.1
60	9561	83738.6
60	4802	84474.8
60	5491	84621.8
60	6588	84862.7
60	8958	85224.9
60	9	85917.8
60	5206	86109.9
60	8699	86299.3
60	9527	86334.2
60	6827	86545.5
60	888	86650.7
60	2467	86658
60	4915	86962.3
60	8894	87228.7
60	6624	87437.2
60	5108	87652.7
60	2789	87681.2
60	5879	87747
60	7681	87833.9
60	9609	87890.9
60	1952	87923.6
60	9547	88038.4
60	4860	88152.1
60	8047	88275.8
60	5910	88346.1
60	4080	88467.6
60	4495	88572
60	9899	88756
60	2915	89142.7
60	30	89309.8
60	1692	89377.4
60	7134	89657.8
60	3403	89774
60	7858	89996
60	6353	90057.9
60	9600	90260.3
60	6604	90313.1
60	9617	90754.3
60	456	90831
60	4844	91083
60	9143	91103.1
60	5084	91136.3
60	9464	91193.7
60	1789	91408.2
60	576	91422.8
61	8564	28162.3
61	8402	30211.4
61	2481	59954.2
61	3816	60591.1
61	1890	64259.7
61	7996	65335.2
61	2523	66470.7
61	2621	67126.4
61	4914	68811.5
61	8645	68900.9
61	6564	72560.2
61	6354	72783.9
61	1196	72830.1
61	6557	75238.7
61	2698	75347.1
61	5381	75440.2
61	5215	75833.6
61	6135	76516.5
61	1821	76786.2
61	5339	77414.6
61	2608	77421.9
61	1640	77490.7
61	7517	77773.4
61	9244	79204.1
61	5673	80987
61	4848	81174
61	1960	81394.9
61	6362	82100
61	9938	82911.7
61	7040	83133.5
61	8883	83152.8
61	4167	83602.7
61	8173	84197.3
61	7017	85399.3
61	8695	85809.4
61	8175	85809.4
61	5147	86128
61	1471	86135.3
61	4681	86166.7
61	8996	86495.5
61	7689	86512.5
61	6433	87142.2
61	7787	87166.8
61	8942	87354.4
61	7940	87742.6
61	9498	87800.8
61	5036	87881.3
61	8906	88068.9
61	5342	88205.6
61	2707	88307.1
61	7166	88655.1
61	7725	88674.4
61	12	88703.1
61	8879	89068.5
61	3187	89230.5
61	1276	90075
61	8722	90079.3
61	1256	90815.1
61	6051	90946.7
61	1397	91018.8
61	8480	91048.6
61	6170	91434.2
61	958	91521.6
61	4004	91800.1
62	6560	32645.8
62	6268	37504.8
62	7269	40572
62	6911	48390.5
62	6202	52013
62	6898	54429.8
62	7675	57092.3
62	5172	60229.5
62	6248	61176.1
62	5235	61404.3
62	5487	61917.8
62	5811	61917.8
62	5774	62868.3
62	6371	63783
62	6738	64911.3
62	7006	64911.3
62	5712	65375.8
62	7963	65431.5
62	7257	66511.2
62	5337	68446.9
62	6430	69201
62	6380	69389.9
62	6804	71275.3
62	682	71760.5
62	5912	72300.9
62	7738	72605
62	6327	72729.3
62	6163	72999.5
62	6124	73100.5
62	6355	73402.1
62	6407	73415.5
62	8266	73437
62	5454	73736.4
62	7765	73785.1
62	7000	74672.4
62	5237	75306.3
62	5196	75875
62	8038	76078.9
62	7486	76312.6
62	6907	76747
62	6288	76794
62	5004	77540.2
62	5434	77940.2
62	5263	78282.7
62	5217	78838.6
62	6363	79101.4
62	9721	79267.3
62	6046	79687.6
62	5962	79905.6
62	7415	79909.8
62	5233	80162.1
62	3191	80356.7
62	5640	81698.9
62	5200	82004.6
62	5334	82086.9
62	6823	82629.5
62	4865	83175.6
62	3924	83891.1
62	7484	84517
62	5925	84623.9
62	6631	84760.8
62	5647	85187
62	9854	85316.6
62	6488	85489.4
63	6321	21555.4
63	6413	27491.4
63	5989	30438.9
63	7094	30701.4
63	6440	49535.8
63	5863	50076.4
63	5167	51085.2
63	5433	51668.8
63	7167	51688.4
63	5327	51762.5
63	5310	51936.5
63	9894	54227.4
63	6812	54535
63	5776	54655.9
63	7997	54888.3
63	9874	55199.7
63	7002	56117.6
63	6915	56713.7
63	3503	57534.7
63	2670	58180.9
63	296	59269.1
63	8342	59432.8
63	5053	59813.8
63	9876	59937
63	9800	59937
63	5362	60977.8
63	1303	61239.5
63	986	61525.9
63	6497	61579.2
63	1477	62042.1
63	7463	62936.2
63	7218	62936.2
63	1088	63842.1
63	864	64315.8
63	5761	65398.6
63	7041	65405.1
63	8703	65554.7
63	9748	65775.4
63	5074	66179
63	4474	66428.3
63	5092	66457.9
63	5103	67116.4
63	4368	67815.3
63	3106	67944.7
63	9841	68761.4
63	4107	68950.4
63	4459	68988.8
63	414	69515.3
63	9868	69527.8
63	5754	69926.6
63	2386	70145.7
63	3771	70907.7
63	9892	71233.5
63	9762	72260.2
63	3622	72455.6
63	7818	72641.4
63	7430	72872.4
63	1661	73032
63	5096	73910
63	4677	75037.7
63	2631	75054.3
63	4690	75278.2
63	9910	75687.4
63	3036	76029.7
64	5635	23511.5
64	5440	35379.2
64	6937	43472.3
64	8268	45514.4
64	7082	48134
64	9314	49799.1
64	6192	49945.1
64	8341	50186.9
64	6905	50453.6
64	9058	53444.1
64	7004	53744.2
64	5545	56552.3
64	6926	57307.5
64	5528	57486.2
64	7346	58153.8
64	7960	59169.2
64	6721	59525.6
64	8725	60046.8
64	8738	60353.2
64	3239	65286.9
64	7758	65941.3
64	6939	66678.8
64	7870	66973.8
64	8354	67914.7
64	1875	68168
64	6726	69661.6
64	8254	71494.8
64	5390	76115.9
64	6853	76851.1
64	8902	77255.1
64	7159	78057.2
64	6144	78393.9
64	8471	78908.3
64	6365	79330.7
64	6953	80962.6
64	5242	82661
64	6960	82900.1
64	6103	85278
64	5464	85566.2
64	5941	86301.3
64	8108	86487.1
64	3264	88445.6
64	3802	89357.4
64	7762	89961
64	8697	93259.9
64	6351	93378
64	9588	93509
64	8788	94444.6
64	1850	96090.2
64	1527	99668.8
64	6740	100394
64	7479	100991
64	8776	102957
64	6633	103060
64	5250	104230
64	8741	104420
64	931	105640
64	6234	105669
64	8454	107713
64	3844	107953
64	5159	108109
64	6544	108688
64	9042	109427
64	9202	109477
65	6405	47272
65	6712	51177.9
65	5504	55048.4
65	798	56466.4
65	6022	56517
65	6971	59337
65	4579	60781.4
65	7600	60966.1
65	5400	61349
65	8103	61950.8
65	9224	62991.2
65	2337	63820.7
65	4177	64275.9
65	7934	64764.9
65	8201	65143.9
65	7631	65282.7
65	3892	65359.3
65	4598	66873.6
65	6678	67637.4
65	8899	67739.1
65	5508	69122.4
65	9454	69699
65	1995	70058.9
65	1906	70071
65	9001	70115.9
65	8719	70116.8
65	8371	70411.4
65	4745	70581.9
65	376	70648.6
65	9887	71058.5
65	6052	71298
65	6638	71938.9
65	2295	71975.6
65	7799	72005.3
65	6241	72050.5
65	2810	72449
65	5517	72736.8
65	6410	73015.6
65	8658	73338.3
65	6458	73523.8
65	7177	73967.1
65	4431	74153.2
65	3902	74484.7
65	5126	74494.7
65	6158	74878.7
65	6719	74921.1
65	8014	74940.1
65	45	75001
65	8306	75001.9
65	3743	75049.5
65	7104	75222.1
65	1685	75303.5
65	5499	75356.3
65	8123	75378.7
65	6460	75405.7
65	7194	75473
65	4919	75786.1
65	4814	75796.1
65	1236	75820
65	8908	76213.2
65	859	76367.3
65	6375	76455.7
65	9285	76558.7
65	7848	76687
66	5669	48944.6
66	5390	51335.9
66	7346	53299.1
66	5242	58055.2
66	7758	65452.8
66	7159	68451
66	6192	75176.9
66	3264	79410.6
66	8902	83951.9
66	6939	84005.1
66	7082	85164
66	7338	86317.3
66	5785	89493.7
66	2432	89528.9
66	1765	89661.8
66	6726	90309.1
66	5440	90350.2
66	8268	91549.6
66	9202	91824.5
66	6103	94542.8
66	5464	94927.3
66	7592	94970.8
66	4857	96097.6
66	7820	97466
66	5159	98222.8
66	7004	98331.6
66	4134	98556.2
66	6953	99479.9
66	1850	100274
66	6753	101464
66	6937	102107
66	7877	102915
66	5635	103997
66	8254	104102
66	9042	104961
66	8395	104990
66	8109	105633
66	6960	105965
66	8341	106026
66	8354	106086
66	5528	106304
66	9058	106999
66	5950	107852
66	8745	107949
66	6049	108334
66	4053	108945
66	931	109166
66	2610	109259
66	5649	109537
66	7695	109714
66	8725	109786
66	8597	110236
66	9483	110239
66	8054	110331
66	8738	111887
66	7960	112572
66	2048	113100
66	7411	113133
66	5329	114105
66	5993	114337
66	7870	114472
66	4850	114510
66	7479	114909
66	3239	115435
67	6857	50881.9
67	7881	52412.6
67	8162	55704.5
67	8279	59307
67	5825	72605.1
67	6018	73471.8
67	9295	74231.6
67	6638	76435.3
67	6232	78615.4
67	5752	79473.8
67	6792	81013.3
67	5192	81639.9
67	2495	81684.2
67	9033	82185.3
67	3528	83271.1
67	1680	83477.4
67	6538	83651.3
67	4649	83734.2
67	5881	84062.7
67	9151	84241.7
67	5743	85858.7
67	8219	86345.6
67	8668	86368.5
67	8081	86629.9
67	7451	87715.6
67	1930	88005.2
67	9074	88058.6
67	7855	88595.3
67	8693	88787.7
67	7987	88885.8
67	9027	89742.4
67	8844	90112.9
67	9224	90406.6
67	7179	90426.4
67	2390	90617.7
67	7282	90738.3
67	3098	90804.3
67	8621	90846.7
67	9395	91863.5
67	8962	92303.9
67	5926	92312.3
67	5685	92998.4
67	8853	93116.2
67	9037	93166.2
67	6799	93816.4
67	1438	93847.3
67	8157	94318.2
67	7169	94370.1
67	9137	94373.4
67	8691	95028.5
67	8247	95112.5
67	7735	95267.8
67	6829	95398.5
67	6472	95579.8
67	8448	95949.4
67	9272	96022.5
67	3540	96327.4
67	2616	96508.5
67	8208	96510.1
67	8201	96865.7
67	5690	96908.2
67	6818	97540.4
67	7621	97658.6
67	5099	98188.3
68	4225	41858.7
68	5073	42274.8
68	7217	43350.9
68	5279	43788.6
68	1478	44042.4
68	1821	45080.3
68	6689	46770.2
68	9893	47820.7
68	7462	48159.7
68	2350	49409.5
68	3236	49968.3
68	7155	51249.3
68	4676	51482.2
68	5095	51717.1
68	2559	52046.7
68	6439	52878.2
68	9853	53038.6
68	6299	53310
68	8074	53312.6
68	9799	53354.3
68	9875	53354.3
68	8199	53638.5
68	1946	53886.8
68	9845	54367.2
68	6949	54768.6
68	6116	55264.4
68	6914	55471.3
68	1002	55622.1
68	7166	55735.6
68	603	56365.4
68	5753	56588.4
68	6882	56878.2
68	2632	56936.9
68	5199	57083.4
68	1288	57231.3
68	5256	57836.7
68	8333	58160.8
68	1089	58347
68	9840	58370.5
68	6564	58519.6
68	1179	58753.7
68	5232	59635.9
68	4691	59799.9
68	7943	59827.3
68	3504	59954.7
68	6047	60805.1
68	5740	60847.6
68	6122	60981.1
68	8051	61291.1
68	9067	61764.6
68	6846	61994.9
68	4108	62273.5
68	9808	62285.3
68	6292	62367.1
68	8195	62387.4
68	4689	62492.8
68	6757	62603.8
68	9889	62642.5
68	2714	62738.7
68	6225	62857.5
68	5216	62881.7
68	5711	63089.7
68	7027	63291.1
68	5432	63381.9
69	7058	68155.6
69	5877	68791.7
69	6214	74425.7
69	3049	76041.3
69	5902	79629.2
69	5728	81603
69	814	81658.8
69	5715	82914.5
69	3541	85428.6
69	5596	85537.9
69	8146	86451.8
69	588	87060.9
69	8444	87112.5
69	562	88045.9
69	5905	89050.8
69	6346	90135.6
69	2654	90877.1
69	9719	90989.1
69	2556	91218.8
69	7906	91279.5
69	1649	91288
69	333	91984
69	4805	92636.1
69	9546	92649.7
69	3690	92919.6
69	5380	93346.9
69	8336	93689.2
69	4941	94060.7
69	1466	95655.2
69	1123	96158.7
69	709	96303.7
69	9668	96338.2
69	8179	96378.5
69	4511	97024
69	3438	97277
69	5207	97323.2
69	6876	97346.1
69	1818	97884.1
69	8468	98093.9
69	4673	98213.5
69	8076	98468.8
69	1406	98906.5
69	3368	99364.6
69	5402	99618.6
69	4477	99916
69	1681	100133
69	6461	100178
69	4583	100950
69	2462	101336
69	5511	101532
69	4827	101548
69	5205	102279
69	7805	102699
69	575	102773
69	5117	102902
69	9985	103168
69	4877	103255
69	557	103505
69	8502	103896
69	545	103980
69	6657	104150
69	7549	104197
69	3330	104593
69	1009	104830
70	6124	8315.05
70	6430	8471.66
70	5912	12357.9
70	6804	16372.2
70	5237	18450.6
70	5196	19271.3
70	6407	22196.8
70	5774	23424.6
70	6163	23823.8
70	5454	24171.5
70	5487	24649.9
70	5811	24649.9
70	5235	25338.1
70	7486	25551.8
70	6327	27042.9
70	6911	27273.3
70	5217	28108.2
70	5647	28461
70	7765	28584.4
70	6380	28999.3
70	5172	29155.8
70	2132	29496.2
70	3191	29550.5
70	6288	30078.5
70	7675	30141
70	7963	30749
70	7738	31797.7
70	3924	31861.3
70	6046	32277.1
70	6429	32381.3
70	9890	32530.6
70	5159	32752
70	6488	32918.6
70	7257	33094.9
70	6907	33244.7
70	6746	34506.2
70	9809	34508
70	5950	35387.8
70	9721	36060.1
70	8196	36491.5
70	5004	36686.3
70	5337	36734
70	5532	37033.8
70	9854	37051.8
70	7000	37358
70	6595	37628.2
70	5438	38031.3
70	3555	38158.7
70	3168	38291.4
70	5434	38472.5
70	5468	38480.4
70	6631	38612.4
70	6029	39642.8
70	5334	39772.1
70	6883	39923.3
70	7810	40350.9
70	6560	40594.9
70	8038	40745.6
70	8075	40793.7
70	4850	40889.6
70	6996	41000.7
70	4865	41490.2
70	7207	41732.6
70	5233	41763.4
71	5885	54507.3
71	6342	56799.6
71	7157	57473.5
71	5826	58027.5
71	9858	58814.3
71	9945	61497.3
71	9057	63140.8
71	6191	64754.6
71	6702	66844.2
71	5155	67706.4
71	9797	68805.5
71	6796	69420.6
71	4924	73842.4
71	5794	73858.7
71	4986	75629.3
71	5039	76212
71	5456	76844
71	7736	77282.5
71	7262	77568.9
71	7081	78156.2
71	6739	81707.8
71	1277	82011.6
71	8096	82379
71	7508	83946.9
71	5942	84486.8
71	4558	84603.2
71	5441	85677.9
71	5634	86328.4
71	5482	86657.7
71	5527	87260.1
71	3430	87290.9
71	7447	87560
71	5133	88043.3
71	2389	88218.7
71	9313	88430.7
71	4780	90761.3
71	5557	90810.4
71	5071	91086.7
71	8744	91295.3
71	1876	91469.9
71	9297	92513
71	8067	92602
71	3606	94272.5
71	7133	94642.8
71	4890	95518.9
71	9121	95730.2
71	6959	95958
71	7501	96310.8
71	2612	96632.2
71	8576	96778.1
71	3238	98136.2
71	9034	98290.3
71	4555	99755.5
71	6925	99994.3
71	4602	100639
71	7515	100664
71	6617	101390
71	7419	101860
71	7426	102252
71	9959	103610
71	8049	103746
71	7077	104158
71	7003	104835
71	4689	105108
72	3593	92625.5
72	4810	95073.8
72	933	95164.1
72	6609	100741
72	4546	101064
72	3953	104122
72	3823	106736
72	777	106860
72	574	110410
72	726	110618
72	4399	111045
72	2462	112606
72	2120	113267
72	618	113517
72	7719	114021
72	4351	114286
72	4791	114508
72	3231	114852
72	4193	115066
72	1215	115071
72	4888	115174
72	4315	115288
72	5980	115845
72	7164	115915
72	9382	116106
72	8854	116444
72	7134	116625
72	2208	116853
72	5296	117157
72	814	117302
72	562	117859
72	1670	118058
72	7774	118197
72	466	118227
72	6888	118438
72	3962	118629
72	159	118773
72	2031	119082
72	183	119455
72	894	119576
72	2831	119755
72	1128	119758
72	7601	120160
72	1213	120192
72	1134	120714
72	3183	120729
72	3439	120761
72	4534	121010
72	708	121030
72	623	121125
72	1754	121294
72	247	121430
72	1329	121663
72	152	121670
72	8736	122263
72	1769	122325
72	3632	122511
72	1835	122559
72	4685	122780
72	5145	123160
72	278	123325
72	7183	123424
72	8179	123568
72	8169	123617
73	6853	58667.2
73	3802	79215.3
73	1875	84915.7
73	8725	86181.1
73	4240	86439.7
73	2771	87305.8
73	3239	89823.1
73	1850	90711.1
73	7744	91393.4
73	3250	92208.4
73	2563	95006.8
73	6905	95077.6
73	6937	96157
73	4972	97661.1
73	5635	97932.4
73	8268	98429.2
73	2453	98481.7
73	3487	99103.9
73	6939	99435.9
73	4232	99858.8
73	6144	102902
73	1040	103208
73	2610	103689
73	8354	104210
73	5528	104371
73	6721	104644
73	1356	104990
73	7082	105858
73	2480	105944
73	7706	108761
73	8902	108851
73	3607	109150
73	4880	109242
73	6561	109474
73	7960	110057
73	279	110715
73	9314	110723
73	1881	111241
73	6726	111433
73	5494	111448
73	3384	111578
73	2155	111647
73	7758	112125
73	3264	112218
73	3631	112625
73	5072	113179
73	7927	113362
73	6545	113590
73	6926	113979
73	5440	114482
73	8788	114495
73	8825	114831
73	1213	114867
73	6192	115121
73	737	116187
73	8254	116530
73	5160	117106
73	9588	117111
73	8108	117401
73	9058	117486
73	854	117585
73	8561	117711
73	8276	117780
73	3500	117967
74	7364	35670.9
74	2085	42702.4
74	9609	44387.7
74	9547	45276.9
74	5541	46381.4
74	9524	46801.3
74	9546	46921
74	5730	47417.6
74	9617	49766.9
74	9561	50247.2
74	7327	50304.2
74	5406	52058.5
74	9527	52399.8
74	5138	52626.7
74	5084	52732.9
74	9522	53475
74	2071	53598.4
74	7805	53923.8
74	4694	54157.2
74	2269	54241.1
74	8190	54683.6
74	7572	55039.4
74	9530	55236.4
74	8189	55506.2
74	9333	55656.5
74	6827	55881
74	30	56286.4
74	4661	56795.3
74	4784	57047.1
74	5910	57314.4
74	7906	57491.7
74	3163	57670.6
74	7806	57880.5
74	331	58103.6
74	6265	58384.7
74	4478	58397.4
74	5408	58427
74	9985	58810.7
74	4552	59400.3
74	8618	59445.1
74	9397	59448
74	2917	59550.4
74	4820	60029.9
74	8720	60364.1
74	4496	60375.1
74	4957	60549.7
74	5879	60638.2
74	1525	60661.5
74	7844	60841.9
74	4702	61387.3
74	4701	61395.2
74	5219	61402.9
74	2614	61520.5
74	9668	61839.1
74	5860	61898.4
74	5205	61973.2
74	689	62069.8
74	8337	62389.7
74	6149	62531.7
74	8336	62732.8
74	333	63108
74	1691	63240.9
74	6700	63308.9
74	8216	63544.8
75	8996	71326.7
75	6553	73746.8
75	7616	77337.5
75	2726	80949.7
75	6090	83875.7
75	6297	86719
75	3827	87069.9
75	4881	89992
75	7024	91634.5
75	1298	91649.7
75	9796	92456.1
75	5153	92663.6
75	6736	92691.8
75	5481	94989.2
75	5664	97646.9
75	2548	98207.7
75	8883	99231.2
75	1888	99784.7
75	3499	100293
75	8348	100457
75	6784	101146
75	8831	101646
75	8307	102284
75	1860	102601
75	9821	102672
75	3790	103493
75	6510	104285
75	5214	105514
75	8131	107407
75	1234	107492
75	4711	107516
75	2255	108013
75	7448	108273
75	7681	108858
75	5496	109099
75	9061	109220
75	1436	109434
75	5395	109620
75	4812	111710
75	3176	112289
75	2123	112655
75	4773	112768
75	7287	113230
75	6331	113577
75	3845	113616
75	1380	113710
75	6725	113946
75	7354	114044
75	2931	114215
75	6916	114310
75	962	114779
75	2486	114851
75	6975	115128
75	4867	115258
75	8664	115437
75	2049	115506
75	4576	115928
75	8942	116491
75	2058	116543
75	1375	116656
75	5273	117368
75	7417	117407
75	6118	117469
75	5417	117624
76	7903	71922.1
76	9401	72756.2
76	7367	75659.6
76	2785	78086
76	2805	78329.6
76	339	81225.7
76	7837	83053.9
76	1236	83646.4
76	3796	84766.5
76	9037	85494.6
76	1390	85747.4
76	3680	86075
76	3108	86578.2
76	2104	86797.5
76	9083	87386.1
76	1935	88041.8
76	8350	88486.6
76	6326	88531.2
76	8166	88877.2
76	8813	89222.3
76	2069	91478.7
76	5192	92496.8
76	9203	92617.9
76	7289	92705.8
76	8998	93357.9
76	3837	93733.7
76	8219	93812.2
76	9367	94217.3
76	3528	95291.7
76	2373	95310
76	7587	95320.9
76	4192	96033.7
76	4125	96081.7
76	3437	96396.5
76	9250	96814.3
76	6881	97244
76	9917	97558.9
76	1627	98348.8
76	4180	98497.8
76	3466	98779.5
76	9670	99821.7
76	1142	100064
76	8675	100519
76	4223	101014
76	7043	101027
76	1429	101071
76	1110	101071
76	8830	101379
76	4443	101401
76	1887	101459
76	2495	101567
76	6859	101696
76	7188	101735
76	3460	101825
76	2616	101933
76	401	102066
76	176	102146
76	1930	102651
76	8709	102833
76	9405	102899
76	2532	103384
76	7807	103514
76	6369	103920
76	7451	104105
77	9153	80074.2
77	5332	81942.3
77	4120	87503.5
77	8578	88664.1
77	3290	88904.8
77	2092	88904.8
77	8275	93458.7
77	9429	95476.3
77	1075	96675.3
77	6994	99430.6
77	5756	100190
77	1976	103162
77	1411	103922
77	7529	104249
77	905	104343
77	6718	107835
77	8985	108654
77	9904	108822
77	9270	108929
77	8838	109675
77	4231	109938
77	2156	109971
77	796	110209
77	4045	111344
77	1721	112069
77	7018	112228
77	710	112233
77	6784	112239
77	3739	112934
77	6878	113391
77	2010	113510
77	9190	114248
77	2949	115134
77	7945	116269
77	8526	116308
77	852	116897
77	5267	117347
77	6660	117532
77	3313	119380
77	4867	119780
77	7512	119968
77	8004	120246
77	4614	120416
77	1222	120510
77	867	120758
77	2986	120772
77	1061	121197
77	2600	121270
77	4615	121928
77	2619	121929
77	6058	122173
77	1018	122580
77	2834	122786
77	7569	123003
77	1499	123179
77	1084	123266
77	4782	123779
77	7562	124114
77	2861	124853
77	1827	125056
77	8654	125224
77	2399	125262
77	4542	125626
77	4637	125626
78	8894	56355.6
78	1562	58753.8
78	9792	60708.6
78	9464	65757.8
78	7783	67673.4
78	9420	68113.2
78	9208	68852.4
78	1902	71055
78	4657	71418.2
78	5354	72675.8
78	5209	73473.2
78	4888	75054.2
78	7117	75339
78	8230	75581.5
78	5651	76411.4
78	5302	76796.3
78	5234	77111.2
78	4736	77367
78	4797	78537.2
78	4630	78878.7
78	4623	79576.8
78	5047	79970
78	9103	80109.3
78	6517	80135.3
78	4560	80321.2
78	4554	80404.4
78	3334	80964.1
78	7939	81197.1
78	4776	81546.3
78	7839	81738.6
78	6423	82240.1
78	4634	82355.6
78	9415	82711.6
78	4899	82978.9
78	8664	83128.8
78	7947	83384.3
78	7980	83763.4
78	6683	83919.4
78	0	84034
78	8913	84255.2
78	2194	84373.5
78	74	84799.2
78	5169	84800.3
78	4646	84942.2
78	8589	85081.5
78	7777	85353.9
78	871	85470
78	114	85877.1
78	8002	85884.3
78	104	86377.8
78	4914	86407.5
78	3822	86663.2
78	2071	86922.5
78	6783	87305.9
78	6045	87346.2
78	1270	87465
78	5121	87701.9
78	6005	88123.1
78	2467	88179.9
78	5057	88230
78	9433	88485.7
78	4770	88537.7
78	962	88573.4
78	5567	88824.8
79	8486	27553.6
79	7080	28907.7
79	6070	33090.7
79	5967	34148.3
79	8069	40094.1
79	7489	40094.1
79	6019	41276.2
79	7076	44231.1
79	5660	44616
79	7280	48494.8
79	6646	49113.7
79	7178	49771.6
79	9856	52217.3
79	6593	52312.1
79	6003	54365.4
79	6820	54883.8
79	6612	54951.7
79	6970	55990.7
79	7283	56049
79	5952	56412.9
79	5562	56598.1
79	9929	56736.7
79	7171	56912
79	7634	57448.9
79	8163	57717.9
79	6720	58626.3
79	6160	58804.5
79	7539	59433.7
79	98	60557.1
79	6636	61804.9
79	6207	62944.3
79	6521	63039.9
79	559	63538.2
79	6798	63548.2
79	9471	64091.2
79	4129	64164.6
79	6313	64555.9
79	6998	64687.2
79	6111	65901.3
79	3019	66200.7
79	7701	66623.4
79	8965	66692.1
79	2336	66797.7
79	7956	67080.5
79	80	67103.2
79	6282	67250.5
79	7506	67580.3
79	4772	67752.8
79	6982	67829.2
79	9709	68185.1
79	6457	68311.4
79	8305	68488.3
79	858	68683.8
79	5490	69825.6
79	509	70259.9
79	7703	70854.2
79	9667	70978.5
79	4089	71090.6
79	8089	71142.6
79	7823	71320.8
79	5655	71484
79	5507	71686
79	2205	72240.8
79	6459	72574.9
80	7451	41014.4
80	7188	57670.8
80	7742	75544.6
80	7587	76723.9
80	6345	80674.2
80	5901	80801.4
80	6326	82208.3
80	7855	83044.3
80	7254	83260.8
80	6467	83361.3
80	7670	87149.3
80	9367	87212.4
80	4649	87349.9
80	7718	88510.4
80	47	88533.4
80	6252	89021.9
80	2277	90112
80	9250	90150.8
80	41	91480.5
80	35	91480.5
80	4296	91747.5
80	6881	92939.7
80	7325	94465.3
80	6232	95520.8
80	6472	95637.2
80	7322	95679.4
80	9033	95692.9
80	9401	97244
80	2044	97445.2
80	9969	98170.8
80	2503	98927
80	38	98955
80	1552	99475
80	7233	99493.9
80	7872	100436
80	5192	101578
80	6469	101670
80	5099	102191
80	3837	102313
80	5152	102582
80	2495	103080
80	5752	103195
80	7008	104377
80	5035	104428
80	7061	104658
80	7792	104690
80	1665	105622
80	1035	105693
80	7092	105922
80	8166	106044
80	9670	106706
80	9443	106833
80	7896	106908
80	7314	107035
80	6857	107076
80	1843	107132
80	3528	107246
80	1110	107530
80	1429	107530
80	7407	107546
80	8123	107700
80	3540	107993
80	7684	108072
80	8219	108655
81	3766	63401.7
81	3086	71028.6
81	6408	75234
81	5088	79344.1
81	5102	79523.4
81	5694	80608.5
81	1220	81833.3
81	6131	81899.5
81	6986	82015.2
81	5710	83698.9
81	366	86246.9
81	1792	88000.1
81	5146	89287.6
81	3938	89935.3
81	8556	90225.3
81	4218	90965.4
81	2098	91637.6
81	5886	91929
81	5436	92273
81	3522	93192
81	1581	93245.8
81	899	93595.6
81	7255	93857.5
81	265	94281.4
81	1377	94643
81	3215	94657.5
81	3431	94704
81	8884	95014.9
81	2431	95284.6
81	5448	95880.2
81	2246	96113.7
81	904	96226.8
81	1364	97755.6
81	901	98975.7
81	499	99169.7
81	4818	99470.2
81	3274	99685.4
81	5179	99782.6
81	466	99912.7
81	7699	100014
81	7998	100046
81	183	100115
81	2133	100150
81	9287	100764
81	85	100881
81	2948	100926
81	1548	101386
81	1555	101561
81	3780	101723
81	4157	102219
81	873	102258
81	3701	102449
81	8302	102469
81	2226	102590
81	1769	102708
81	3438	102807
81	2623	102874
81	875	103089
81	1046	103203
81	1063	103516
81	777	103843
81	930	103917
81	920	104274
81	907	104482
82	3704	68495.4
82	9164	73059.5
82	90	76531.5
82	9982	76984.9
82	8037	77696.4
82	8783	77805.8
82	9624	77864.4
82	390	77879.3
82	4121	78043.7
82	827	78237.9
82	1437	79901.9
82	1133	80168.8
82	8226	80218.6
82	5248	81483.6
82	1975	82293.2
82	9569	83102
82	2662	84259.9
82	775	84382.1
82	9051	84551.6
82	7663	84967.8
82	5979	85391.1
82	3217	85684
82	273	85927.9
82	6610	86551.5
82	8415	86716.1
82	277	86818.3
82	8183	87128.3
82	64	88518.9
82	4498	89040.8
82	2597	89360.2
82	966	89444.1
82	5042	89476.2
82	3860	90011.2
82	1749	90114.7
82	9357	90597
82	4404	91955.2
82	5571	92013.4
82	2652	92374.5
82	868	92885.4
82	1222	92928.2
82	4973	93388.3
82	5219	94196.6
82	8136	94212.3
82	1435	94222
82	3945	94302.1
82	8005	94505.3
82	1507	94598.5
82	8458	94624.3
82	180	94658.1
82	9253	95729.5
82	1357	95783.7
82	8720	95896.9
82	1755	96141.2
82	1178	96355.2
82	4588	96529.6
82	2828	96839.9
82	2948	97132.3
82	3372	97223
82	466	97739.3
82	3963	97900.4
82	457	98508.9
82	207	98602.3
82	9053	98927.3
82	4572	99057.1
83	6778	47217.7
83	6005	47291.9
83	8480	52800.1
83	8890	61821.6
83	1478	66893.1
83	6564	69504
83	5288	72811.1
83	6382	72821.8
83	1089	74274.1
83	7166	75236.2
83	9003	76173
83	1011	77086.8
83	2912	77760.3
83	2632	77961.4
83	7943	77983.4
83	4672	78019.8
83	1904	78176.3
83	9385	78237.6
83	1821	80795.6
83	603	82755.9
83	3236	82963.2
83	5056	84005.8
83	7040	84014.2
83	7548	84387.9
83	5051	84463.6
83	536	84698.9
83	5673	85531.7
83	9950	86553
83	8047	86639.8
83	4108	87804
83	5206	88075
83	9473	88112.2
83	7071	88119.6
83	5293	88120.1
83	7134	88450.9
83	5731	88476.3
83	5512	88857.6
83	3504	89314.9
83	1002	89514.1
83	57	89630.7
83	4915	89731.1
83	6455	89988.7
83	2385	90165.1
83	5624	90557.1
83	8914	90650.5
83	8145	90809.1
83	3107	90890.1
83	551	90898.4
83	8645	91152.7
83	8854	91203.5
83	6557	91403.5
83	5566	91692.5
83	6275	91867.3
83	4848	92243.5
83	1105	92353.4
83	6216	92366.7
83	5997	92572.4
83	2714	92803.3
83	6128	92934.5
83	2350	93081.4
83	7093	93282
83	1399	93500.9
83	7462	93529.8
83	9046	93602.5
84	8894	43808
84	1562	49235.9
84	9464	55548
84	2467	57689.2
84	1278	59772.3
84	3403	60188
84	4770	61727.5
84	5121	61750.2
84	4899	65233.1
84	5178	65701.2
84	8914	65911.1
84	9420	66275.9
84	6604	66490.3
84	8949	66914.4
84	1956	67850.4
84	6783	68346
84	4576	69280.9
84	4004	71034.9
84	1397	71316.2
84	8958	71587.5
84	5879	71941.6
84	2058	72187.6
84	7457	72365.8
84	4472	72735.9
84	5578	72997.2
84	5057	73074.1
84	585	73685.9
84	8540	73742.2
84	6109	73786.6
84	1098	73818.8
84	7007	74116.5
84	9700	74295.1
84	4736	75543.3
84	576	75994.6
84	7126	76032.6
84	6588	76741.2
84	1225	76748.1
84	5147	76804.8
84	9530	76849.1
84	9012	76940.8
84	8718	77265.4
84	5570	77778.5
84	7939	77957
84	5730	77960.6
84	5567	78043.5
84	2915	78133.1
84	2658	78321.5
84	7235	78360.2
84	2194	78362.5
84	9208	78384.6
84	8222	78891.8
84	5855	78963.4
84	6353	79847.1
84	9628	80174.5
84	359	80360.4
84	7050	80420.2
84	784	80509.4
84	7787	80610.6
84	3600	80796.8
84	4079	80959.1
84	1122	81016.3
84	9143	81160
84	4347	81298.7
84	5850	81713.1
85	7927	110611
85	8725	113577
85	8354	115902
85	8178	121334
85	6254	124078
85	6144	125664
85	5645	126461
85	7019	126474
85	7584	128160
85	6105	128212
85	5887	130873
85	3340	141381
85	7449	150529
85	6545	150609
85	6937	153760
85	6721	156917
85	7259	158374
85	3607	160391
85	7240	161948
85	4232	163741
85	6425	164453
85	6905	165907
85	4674	165981
85	9081	167636
85	6147	168047
85	4781	168363
85	623	168503
85	3931	169415
85	6550	170558
85	868	170721
85	5545	171140
85	8025	171369
85	8902	177057
85	6787	177930
85	1730	178652
85	8031	178957
85	7864	179201
85	2853	179484
85	7137	179657
85	7108	179783
85	2155	179915
85	5985	180088
85	7441	181632
85	3264	183911
85	4756	184334
85	6758	184853
85	6926	186398
85	6621	186611
85	6853	186641
85	7503	186651
85	911	186706
85	1040	186726
85	6561	187016
85	7960	187215
85	1979	188100
85	8825	188323
85	3508	188829
85	906	189135
85	2610	189253
85	2832	189496
85	714	189931
85	3020	190241
85	458	191031
85	2978	192034
86	5743	57704.2
86	9151	58101.9
86	5415	65687.6
86	7707	67412.3
86	6843	67776.8
86	6750	67938.6
86	6587	68685.1
86	5690	72462.1
86	7203	77505.3
86	7325	78146.7
86	7520	79376.8
86	5474	80514.3
86	7735	81004.8
86	8279	81756.6
86	9074	82063.6
86	7722	82513.9
86	7977	84815.2
86	8011	85307.4
86	8621	86578.1
86	7803	86881.7
86	6749	88889.5
86	8813	89055.4
86	4292	89332.9
86	8387	89591.3
86	6140	89661.4
86	8294	89861.1
86	8162	90039.5
86	7073	90962.3
86	7087	91694.1
86	5685	91809.4
86	9037	92404.7
86	1140	97178.3
86	716	97235.7
86	7296	97495.5
86	6568	97750
86	3528	98095.1
86	5203	99365.2
86	8537	100209
86	8525	101436
86	754	102101
86	7714	103038
86	2641	104875
86	6465	104920
86	6374	104957
86	5723	105920
86	5255	106797
86	8366	107118
86	7116	107775
86	1438	107787
86	9367	108369
86	6913	108645
86	9027	109581
86	8278	109659
86	7881	109949
86	8734	110139
86	4262	110288
86	7670	110352
86	7742	110625
86	5752	110745
86	8586	111981
86	6358	111993
86	3131	112495
86	5926	112744
86	2616	113606
87	7722	31027.8
87	8011	39453.4
87	6587	43093.6
87	5690	47432.9
87	6749	47602.4
87	8734	47941.2
87	9151	53082.4
87	6140	59923.4
87	7707	62402.7
87	6568	65933.2
87	5415	67918.6
87	7296	71080.1
87	8537	71282.2
87	7520	72163.2
87	7803	74115.3
87	7977	74703.7
87	5474	76694.1
87	9074	80048.6
87	7714	82513.3
87	8387	83557.4
87	7203	83599.2
87	8279	84523.2
87	8525	85355.6
87	7735	85498.1
87	7073	86653.1
87	8621	90964.7
87	5972	95105.8
87	5743	98108.3
87	6843	101143
87	8294	103237
87	5812	107147
87	6913	107500
87	8144	107912
87	7325	108990
87	6750	109927
87	5606	111858
87	2841	112304
87	1386	114135
87	6651	115218
87	6374	116334
87	3173	117109
87	4292	118251
87	7087	119907
87	2214	120209
87	8586	120374
87	1140	120604
87	5203	121373
87	7666	121498
87	6178	122837
87	1843	125017
87	6465	125454
87	570	125807
87	8278	130298
87	6467	131929
87	7213	133536
87	3242	134015
87	568	134817
87	6198	136087
87	2088	136988
87	9227	137180
87	8490	137368
87	7936	137391
87	8962	137540
87	5184	137733
88	7098	15787.2
88	6901	25715.1
88	7065	25765.1
88	8103	31007.4
88	8899	31985.9
88	9224	34721.7
88	8201	36501.3
88	8165	39918.4
88	6326	41095.4
88	8719	45210.2
88	8123	45463.2
88	6844	49352.8
88	8542	49918.3
88	6638	50561.9
88	5881	50594
88	9056	51435.2
88	8860	51794.8
88	7987	53722.9
88	5699	53973.6
88	6369	54432.2
88	5347	54930.3
88	5901	56403.4
88	8350	58233.9
88	6829	58317
88	7612	60087.2
88	8675	60776.4
88	7590	63602.4
88	6295	63931.2
88	6635	64564.7
88	6896	64842.3
88	1390	65833.5
88	9295	66228.2
88	8208	66638.7
88	6712	66946.4
88	8489	67124.5
88	1236	68541.3
88	7684	69009.7
88	8351	69606.7
88	8691	70321.7
88	9272	70437.8
88	8709	70635.4
88	7896	70775
88	8511	71013.2
88	7792	71191.4
88	5869	71871
88	9001	72072.4
88	8219	72448.7
88	7587	73513.7
88	8998	75434.6
88	9033	75511.2
88	7557	76278.5
88	8808	77224.6
88	7110	77244.2
88	9250	77561.9
88	7903	77572.2
88	8166	77601.8
88	9670	78186.7
88	5599	78473.3
88	4598	78899.7
88	7188	79021
88	6775	79253.5
88	6857	79632.5
88	6536	79700.5
88	5446	79786.5
89	7627	29711
89	7118	33529.2
89	6831	39539.2
89	6079	40703.9
89	7265	42238.6
89	80	44216.9
89	5507	45726.5
89	2021	45982.7
89	5290	49007.3
89	4954	49532.2
89	6245	50224.9
89	2497	51017
89	3151	51158.9
89	2035	51457
89	5479	52517.2
89	5562	52695.8
89	4066	53266.5
89	5691	53443.9
89	46	54073.3
89	7530	54126.9
89	7539	55103.8
89	7956	56474.5
89	8117	56639.9
89	6313	57531.1
89	9079	58109.1
89	5930	58168
89	7703	58430
89	8084	58674
89	7340	60572.9
89	5764	61115.5
89	2921	61179.4
89	8521	61716.5
89	6009	62544.5
89	9378	62784.3
89	6457	63587.6
89	7701	63593.5
89	6336	63616.1
89	6970	63714
89	5986	64126.5
89	6636	64338.8
89	5358	64421.2
89	5516	64445.8
89	3019	64563.9
89	5922	64789.1
89	6982	64823.3
89	2804	64953.9
89	6710	64962
89	8089	65166.2
89	7393	65463.6
89	6521	65494.8
89	98	65649.2
89	5656	65817.2
89	5751	66215.2
89	4648	66278.9
89	7823	66510
89	884	67165.2
89	2276	67168.6
89	2360	67660.1
89	5148	67818.5
89	6880	67905.7
89	36	68226.3
89	4089	68519.9
89	7280	68551.9
89	9981	68687.7
90	9417	14425.1
90	9258	18458.3
90	4645	23362.8
90	103	24556.5
90	6491	26614.8
90	5526	28085
90	4775	29054.8
90	4855	29264.3
90	204	30543.5
90	8215	30635.2
90	4605	30769.3
90	4604	31537.3
90	4678	31979.5
90	5978	32321.7
90	5086	32355
90	5720	32371.3
90	5431	32516.5
90	5087	33025.5
90	5259	33110
90	5650	33601.3
90	4740	34393.1
90	5319	34468
90	5002	35188.6
90	4725	35479.3
90	4737	35633.9
90	4484	35838.4
90	4679	36073.8
90	32	37450.6
90	4646	37746.4
90	5554	37748.7
90	4700	37887
90	4925	38204.8
90	117	38268.4
90	5186	38299.9
90	5862	38408.6
90	4741	38621.4
90	4584	38810.8
90	6490	38984.1
90	6448	39124
90	4699	39146.5
90	5976	39844
90	66	39944.7
90	4585	40096.5
90	4710	40236.7
90	4854	40491.3
90	5719	40539.5
90	4639	40556.6
90	4776	40712.8
90	4483	40812.5
90	4739	40944.1
90	6446	40960.2
90	6447	41080.1
90	6489	41683.5
90	9416	41911
90	8216	42898.7
90	4586	42985.6
90	5651	43143
90	4726	43408.2
90	4853	43580.6
90	9356	43801.4
90	4589	43826
90	5718	44019.7
90	4641	44024.9
90	4590	44046.9
91	8896	79074.8
91	9240	92005.6
91	5135	94133.2
91	9993	94144
91	1118	101975
91	5122	102839
91	9942	105268
91	763	108596
91	3305	110358
91	3937	110769
91	4334	110862
91	5593	111465
91	6706	114280
91	2894	115234
91	528	115866
91	5908	116010
91	4282	117468
91	7673	117724
91	6453	118838
91	7924	118974
91	6870	121078
91	9085	121501
91	8197	123507
91	9846	124523
91	591	125253
91	6269	125263
91	289	125450
91	2930	127756
91	207	129248
91	384	129978
91	5398	130621
91	9987	130699
91	711	131743
91	7866	132710
91	8733	133702
91	142	134502
91	9108	134979
91	7044	135878
91	4082	136099
91	4734	136868
91	8641	137945
91	7981	138602
91	4601	138654
91	1891	138668
91	8850	138781
91	1638	138998
91	1592	140097
91	2712	140334
91	8976	140476
91	3781	140721
91	8082	142677
91	1515	143185
91	8991	143247
91	379	144003
91	4830	144655
91	4692	145065
91	9019	145098
91	4842	145495
91	1440	145603
91	3254	145751
91	6324	146136
91	9516	146190
91	7603	146956
91	8575	147192
92	8356	31979.5
92	7797	56749.5
92	580	85231.8
92	6851	93817.5
92	1567	94610.8
92	956	94940.8
92	3830	95484.3
92	1059	98312.7
92	4684	99889.1
92	3972	99970.1
92	7350	100178
92	2956	100451
92	9418	100771
92	2243	101517
92	4832	102005
92	1923	103144
92	1913	104353
92	1056	105338
92	432	106898
92	908	108213
92	3580	108662
92	2546	108978
92	3456	109005
92	6057	110058
92	4902	110292
92	4811	111495
92	767	112565
92	8746	114091
92	1570	114462
92	4040	115519
92	447	115728
92	3763	116172
92	4046	116265
92	7326	116817
92	1681	117074
92	7144	117738
92	1314	118632
92	6032	119144
92	4718	119582
92	2288	119950
92	8598	120164
92	2724	120957
92	3451	121359
92	441	121522
92	2290	122851
92	1642	122928
92	2779	123053
92	8248	123104
92	1878	123444
92	9202	123764
92	1908	124385
92	2802	125218
92	2235	127228
92	9718	127266
92	3087	127850
92	1114	128307
92	5332	128518
92	2178	128744
92	4844	129117
92	4134	129448
92	9817	129664
92	2861	129816
92	3824	129865
92	2340	129975
93	8978	52627.6
93	7344	57755.7
93	4459	59108.2
93	1088	59115.3
93	3503	60172.9
93	8200	60996
93	4107	64915.7
93	1477	66685.7
93	5433	68387.2
93	7167	68859.3
93	4474	70209.2
93	7002	70348.3
93	6137	70543.3
93	1661	70599.9
93	9874	70724.7
93	5754	71019.8
93	7463	71566.8
93	7218	71566.8
93	5310	72850.2
93	5053	72893.5
93	6785	74343.4
93	5280	74350
93	5863	74379.8
93	5761	74530.5
93	1652	74596.6
93	2891	74941.3
93	5167	75324
93	6812	75536.3
93	6343	75695.9
93	5925	76636.4
93	6123	76890.8
93	5257	77150.2
93	1303	77317.1
93	1820	77478
93	8677	77689.8
93	7482	78235.4
93	5072	79167.2
93	1398	79401.1
93	4677	79552.8
93	6915	80870.9
93	4440	81051.5
93	9868	81994.2
93	9997	82084.7
93	7420	82091.7
93	6293	82794.5
93	7771	82953.1
93	8225	83231.7
93	4224	83268.1
93	3771	83280.2
93	3748	83378.3
93	5741	83620.5
93	4117	83798.2
93	1654	84275
93	7031	84485.7
93	4047	85000.5
93	7932	85210.6
93	6264	85350.8
93	5675	85887.2
93	6438	85898.9
93	3106	85970.1
93	7078	86011.3
93	8152	86142.9
93	4690	86356.1
93	4910	86498.7
94	8419	27379.7
94	8608	48173
94	8099	48173
94	7678	59458.5
94	7486	61466.6
94	7411	63376.4
94	4053	71287.2
94	5647	72732.4
94	8492	74203
94	8054	76742
94	6804	77417.1
94	8605	77603.7
94	8873	77683.6
94	9267	78510.9
94	8745	80710.5
94	9202	81509.8
94	5468	81646.5
94	5295	81952.1
94	7820	83183.6
94	5921	84465.7
94	7192	85138.2
94	6407	87310.1
94	8660	87331.7
94	7765	87562.8
94	5950	87840.2
94	3168	88462.5
94	8062	88529.9
94	3555	88552.3
94	1765	89034.9
94	7479	89172.6
94	8454	89506.9
94	2432	89864
94	6163	90990.3
94	6429	91793.2
94	8119	92240.5
94	7592	92739.2
94	7582	92782.2
94	6996	93063.5
94	6746	93117.4
94	3924	93736.3
94	3191	94426
94	5615	94805.3
94	6488	94872.1
94	6029	94913.3
94	5159	94971.9
94	6953	95227.4
94	2048	95381.8
94	7877	95926.9
94	6597	96390.6
94	5454	96510.1
94	6732	97288.4
94	5196	97360.7
94	6103	97754.5
94	8788	98036.2
94	5361	98518.2
94	7222	98658.8
94	7472	99385.8
94	6124	101044
94	6430	101081
94	4134	101241
94	8598	101397
94	5912	101947
94	8597	102225
94	5703	102260
95	8153	90802.5
95	6972	94445.2
95	9205	96633
95	9682	99780.2
95	8546	99892.6
95	7271	100424
95	2318	101190
95	4068	101455
95	1185	101613
95	9199	103542
95	1130	106448
95	3450	106683
95	3903	106773
95	6704	107021
95	7121	107690
95	2149	108060
95	1322	108528
95	3136	108570
95	7668	108902
95	3055	110226
95	487	111164
95	349	111578
95	9837	111925
95	8795	111981
95	1490	112107
95	4173	112881
95	8079	113685
95	998	114944
95	9126	114993
95	5590	115010
95	4019	115616
95	1467	115675
95	1150	115807
95	7624	116426
95	3944	117503
95	1839	117759
95	1845	118674
95	276	118972
95	2265	119234
95	9759	119689
95	3605	119795
95	4143	120181
95	318	120513
95	2617	120658
95	5636	120922
95	310	120974
95	3115	121195
95	9289	121533
95	9990	121721
95	925	121791
95	2284	121888
95	3441	122472
95	2193	122599
95	4249	122660
95	6579	123052
95	983	123142
95	5574	123418
95	1030	124052
95	670	124762
95	1501	125314
95	285	125344
95	9564	125478
95	7969	125504
95	1991	125552
96	7512	73122.3
96	4043	89777.4
96	4867	92633.2
96	4045	95621.6
96	7939	98317
96	8170	100178
96	8551	100954
96	7783	101723
96	2949	102045
96	6851	102601
96	9270	103727
96	256	104347
96	728	105826
96	4929	106510
96	1217	106862
96	2126	107367
96	6603	107604
96	8091	107741
96	905	108007
96	2092	108377
96	3290	108377
96	7007	108540
96	1721	108854
96	5898	108859
96	5267	109178
96	480	109601
96	3206	109829
96	5332	110022
96	1061	110954
96	3451	111021
96	9884	111125
96	6353	111443
96	20	111882
96	962	112565
96	5214	112743
96	7186	112897
96	5960	113087
96	254	114065
96	902	114299
96	4120	114484
96	4926	114571
96	4614	114727
96	195	115002
96	2206	115821
96	8275	116307
96	654	116327
96	3105	116901
96	1420	117019
96	796	117168
96	1951	117326
96	890	117342
96	4713	117476
96	2987	117935
96	1089	117937
96	4031	118025
96	8746	118435
96	4150	119276
96	4733	119384
96	1745	119447
96	8526	119715
96	2726	119939
96	3939	119977
96	9952	119987
96	266	120540
97	8825	65635.6
97	6142	83295.5
97	6234	84832
97	6926	86057.9
97	8527	90067.1
97	5072	93096.3
97	1875	93171.4
97	3819	94871.1
97	714	95847.1
97	3270	96806.5
97	5941	97197.1
97	3340	97603.9
97	4232	97890.5
97	373	98096.3
97	8132	98896.7
97	5528	99019.6
97	3020	99242.3
97	9081	99373.5
97	7467	99802.5
97	8102	101694
97	6960	102131
97	3631	102755
97	8111	102758
97	8504	103307
97	9271	103995
97	7418	104226
97	2919	104307
97	6721	104980
97	7870	105038
97	3844	105260
97	9058	105854
97	2591	105884
97	8818	106535
97	8341	106621
97	4813	107764
97	5134	108773
97	9314	108786
97	3500	109260
97	4565	109856
97	6343	110092
97	944	110617
97	6503	111277
97	6365	111928
97	6123	112076
97	1398	112095
97	7654	112109
97	4440	112144
97	8471	112174
97	7503	112186
97	854	113090
97	7564	113719
97	5545	114090
97	7427	114174
97	2013	115074
97	8738	115208
97	6144	115226
97	7019	116529
97	4117	116744
97	6351	116952
97	622	117402
97	8354	117734
97	8902	117869
97	1644	118045
97	711	118238
98	5005	19176.6
98	9889	20282.1
98	7419	20446.3
98	5439	20962.3
98	6381	21173
98	5810	21568.2
98	5460	22228.2
98	4825	22782.1
98	4608	23603.8
98	6289	24071.4
98	6906	24168.4
98	8151	24807.1
98	5045	25755.2
98	5338	26090.9
98	6882	26104.9
98	9959	26112
98	7206	26241.4
98	5924	26430.6
98	6047	26756.7
98	5711	26760.5
98	6745	26914.4
98	5488	27339.3
98	9909	28672
98	9840	28730.6
98	5435	28759.2
98	7674	28784.1
98	5773	28830
98	5760	28891.7
98	6328	29065.1
98	7737	29218.4
98	8224	29465.2
98	7217	29537.5
98	4555	29658.2
98	7962	29680.4
98	5531	30384.8
98	4911	31502.8
98	6632	32224.6
98	6822	32651.8
98	7414	32932.9
98	6910	32955.7
98	7581	33834.4
98	5949	34003
98	8195	34199
98	1208	34627.6
98	9808	34691.4
98	9465	34835
98	4849	35259
98	5913	35371.2
98	9853	35461.5
98	6949	35929.6
98	4689	36047.7
98	5173	36204.2
98	7462	36238.9
98	6076	36326.9
98	7027	36649.6
98	6846	37182.4
98	6689	37334
98	6737	37813.6
98	5482	37851.2
98	6292	37886.7
98	4606	38167.6
98	6731	38220
98	7766	38310.6
98	8074	38569.7
99	8082	47386.1
99	8782	67942.5
99	9240	80806
99	9942	86574.8
99	2894	91187.9
99	9163	92826
99	9993	94624.6
99	4440	94799
99	3270	95568.7
99	763	97291.8
99	9338	98191.1
99	4767	100015
99	2428	101716
99	9846	101717
99	7857	104372
99	9987	105099
99	4082	105945
99	2473	106166
99	8896	106555
99	3305	106767
99	3689	106976
99	8575	107544
99	4402	108650
99	4334	109811
99	5122	111265
99	7564	112859
99	2891	113669
99	5135	113854
99	4086	114735
99	5593	114948
99	2919	114964
99	9494	115028
99	1118	115162
99	711	115890
99	3781	116558
99	2930	117443
99	1076	118110
99	8504	118801
99	6142	119327
99	1477	120443
99	5072	120489
99	8976	121002
99	3899	121564
99	1351	122285
99	8959	122597
99	8464	123007
99	855	123054
99	9024	123151
99	8852	123365
99	1909	123756
99	2656	123772
99	8033	124058
99	3254	124330
99	1950	124626
99	8475	124750
99	1746	125118
99	4151	125359
99	1398	125594
99	2247	125926
99	384	125997
99	5134	126008
99	6661	126062
99	4677	126411
99	4734	126787
